BASKIA1,7511991.154,4692375.434,622.172,,622.172,1969-12-31,16:00:00,0.000
BASKIA2,7512031.392,4692339.236,620.943,,620.943,1969-12-31,16:00:00,0.000
1,4692341.281,7511917.615,0.000,,0.000,1969-12-31,16:00:00,0.000
2,4692341.544,7511918.154,0.000,,0.000,1969-12-31,16:00:00,0.000
3,4692341.640,7511917.439,0.000,,0.000,1969-12-31,16:00:00,0.000
4,4692341.903,7511917.978,0.000,,0.000,1969-12-31,16:00:00,0.000
5,4692343.388,7511921.928,0.000,,0.000,1969-12-31,16:00:00,0.000
6,4692343.652,7511922.467,0.000,,0.000,1969-12-31,16:00:00,0.000
7,4692343.747,7511924.726,0.000,,0.000,1969-12-31,16:00:00,0.000
8,4692343.748,7511921.752,0.000,,0.000,1969-12-31,16:00:00,0.000
9,4692343.998,7511925.038,0.000,,0.000,1969-12-31,16:00:00,0.000
10,4692344.011,7511922.291,0.000,,0.000,1969-12-31,16:00:00,0.000
11,4692344.215,7511924.351,0.000,,0.000,1969-12-31,16:00:00,0.000
12,4692344.465,7511924.663,0.000,,0.000,1969-12-31,16:00:00,0.000
13,4692346.492,7511915.068,0.000,,0.000,1969-12-31,16:00:00,0.000
14,4692346.755,7511915.607,0.000,,0.000,1969-12-31,16:00:00,0.000
15,4692346.851,7511914.893,0.000,,0.000,1969-12-31,16:00:00,0.000
16,4692346.878,7511928.608,0.000,,0.000,1969-12-31,16:00:00,0.000
17,4692347.114,7511915.432,0.000,,0.000,1969-12-31,16:00:00,0.000
18,4692347.190,7511928.358,0.000,,0.000,1969-12-31,16:00:00,0.000
19,4692347.253,7511929.076,0.000,,0.000,1969-12-31,16:00:00,0.000
20,4692347.565,7511928.826,0.000,,0.000,1969-12-31,16:00:00,0.000
21,4692348.599,7511919.381,0.000,,0.000,1969-12-31,16:00:00,0.000
22,4692348.863,7511919.920,0.000,,0.000,1969-12-31,16:00:00,0.000
23,4692348.959,7511919.205,0.000,,0.000,1969-12-31,16:00:00,0.000
24,4692349.222,7511919.744,0.000,,0.000,1969-12-31,16:00:00,0.000
25,4692350.504,7511933.108,0.000,,0.000,1969-12-31,16:00:00,0.000
26,4692350.816,7511932.857,0.000,,0.000,1969-12-31,16:00:00,0.000
27,4692350.879,7511933.576,0.000,,0.000,1969-12-31,16:00:00,0.000
28,4692351.191,7511933.326,0.000,,0.000,1969-12-31,16:00:00,0.000
29,4692351.338,7511925.069,0.000,,0.000,1969-12-31,16:00:00,0.000
30,4692351.343,7511912.697,0.000,,0.000,1969-12-31,16:00:00,0.000
31,4692351.589,7511925.381,0.000,,0.000,1969-12-31,16:00:00,0.000
32,4692351.607,7511913.236,0.000,,0.000,1969-12-31,16:00:00,0.000
33,4692351.703,7511912.522,0.000,,0.000,1969-12-31,16:00:00,0.000
34,4692351.966,7511913.061,0.000,,0.000,1969-12-31,16:00:00,0.000
35,4692352.116,7511924.442,0.000,,0.000,1969-12-31,16:00:00,0.000
36,4692352.367,7511924.753,0.000,,0.000,1969-12-31,16:00:00,0.000
37,4692353.451,7511917.010,0.000,,0.000,1969-12-31,16:00:00,0.000
38,4692353.714,7511917.549,0.000,,0.000,1969-12-31,16:00:00,0.000
39,4692353.810,7511916.834,0.000,,0.000,1969-12-31,16:00:00,0.000
40,4692354.074,7511917.373,0.000,,0.000,1969-12-31,16:00:00,0.000
41,4692354.591,7511938.179,0.000,,0.000,1969-12-31,16:00:00,0.000
42,4692354.903,7511937.929,0.000,,0.000,1969-12-31,16:00:00,0.000
43,4692354.966,7511938.647,0.000,,0.000,1969-12-31,16:00:00,0.000
44,4692355.047,7511929.671,0.000,,0.000,1969-12-31,16:00:00,0.000
45,4692355.203,7511929.866,0.000,,0.000,1969-12-31,16:00:00,0.000
46,4692355.278,7511938.397,0.000,,0.000,1969-12-31,16:00:00,0.000
47,4692356.083,7511922.624,0.000,,0.000,1969-12-31,16:00:00,0.000
48,4692356.215,7511928.730,0.000,,0.000,1969-12-31,16:00:00,0.000
49,4692356.259,7511922.983,0.000,,0.000,1969-12-31,16:00:00,0.000
50,4692356.371,7511928.925,0.000,,0.000,1969-12-31,16:00:00,0.000
51,4692356.374,7511910.238,0.000,,0.000,1969-12-31,16:00:00,0.000
52,4692356.622,7511922.361,0.000,,0.000,1969-12-31,16:00:00,0.000
53,4692356.630,7511940.709,0.000,,0.000,1969-12-31,16:00:00,0.000
54,4692356.638,7511910.777,0.000,,0.000,1969-12-31,16:00:00,0.000
55,4692356.734,7511910.063,0.000,,0.000,1969-12-31,16:00:00,0.000
56,4692356.798,7511922.720,0.000,,0.000,1969-12-31,16:00:00,0.000
57,4692356.942,7511940.459,0.000,,0.000,1969-12-31,16:00:00,0.000
58,4692356.997,7511910.602,0.000,,0.000,1969-12-31,16:00:00,0.000
59,4692357.005,7511941.178,0.000,,0.000,1969-12-31,16:00:00,0.000
60,4692357.317,7511940.928,0.000,,0.000,1969-12-31,16:00:00,0.000
61,4692358.482,7511914.551,0.000,,0.000,1969-12-31,16:00:00,0.000
62,4692358.746,7511915.090,0.000,,0.000,1969-12-31,16:00:00,0.000
63,4692358.841,7511914.375,0.000,,0.000,1969-12-31,16:00:00,0.000
64,4692358.986,7511926.400,0.000,,0.000,1969-12-31,16:00:00,0.000
65,4692359.038,7511943.703,0.000,,0.000,1969-12-31,16:00:00,0.000
66,4692359.105,7511914.914,0.000,,0.000,1969-12-31,16:00:00,0.000
67,4692359.237,7511926.712,0.000,,0.000,1969-12-31,16:00:00,0.000
68,4692359.288,7511944.016,0.000,,0.000,1969-12-31,16:00:00,0.000
69,4692359.453,7511926.024,0.000,,0.000,1969-12-31,16:00:00,0.000
70,4692359.704,7511926.335,0.000,,0.000,1969-12-31,16:00:00,0.000
71,4692359.865,7511934.057,0.000,,0.000,1969-12-31,16:00:00,0.000
72,4692360.116,7511934.368,0.000,,0.000,1969-12-31,16:00:00,0.000
73,4692360.332,7511933.680,0.000,,0.000,1969-12-31,16:00:00,0.000
74,4692360.583,7511933.992,0.000,,0.000,1969-12-31,16:00:00,0.000
75,4692360.601,7511942.455,0.000,,0.000,1969-12-31,16:00:00,0.000
76,4692360.851,7511942.768,0.000,,0.000,1969-12-31,16:00:00,0.000
77,4692361.115,7511920.165,0.000,,0.000,1969-12-31,16:00:00,0.000
78,4692361.290,7511920.524,0.000,,0.000,1969-12-31,16:00:00,0.000
79,4692361.406,7511907.779,0.000,,0.000,1969-12-31,16:00:00,0.000
80,4692361.654,7511919.902,0.000,,0.000,1969-12-31,16:00:00,0.000
81,4692361.669,7511908.318,0.000,,0.000,1969-12-31,16:00:00,0.000
82,4692361.765,7511907.604,0.000,,0.000,1969-12-31,16:00:00,0.000
83,4692361.829,7511920.261,0.000,,0.000,1969-12-31,16:00:00,0.000
84,4692361.920,7511936.447,0.000,,0.000,1969-12-31,16:00:00,0.000
85,4692362.029,7511908.143,0.000,,0.000,1969-12-31,16:00:00,0.000
86,4692362.231,7511936.196,0.000,,0.000,1969-12-31,16:00:00,0.000
87,4692362.296,7511936.914,0.000,,0.000,1969-12-31,16:00:00,0.000
88,4692362.607,7511936.663,0.000,,0.000,1969-12-31,16:00:00,0.000
89,4692362.743,7511923.042,0.000,,0.000,1969-12-31,16:00:00,0.000
90,4692363.007,7511923.581,0.000,,0.000,1969-12-31,16:00:00,0.000
91,4692363.073,7511931.471,0.000,,0.000,1969-12-31,16:00:00,0.000
92,4692363.103,7511922.866,0.000,,0.000,1969-12-31,16:00:00,0.000
93,4692363.324,7511931.783,0.000,,0.000,1969-12-31,16:00:00,0.000
94,4692363.366,7511923.406,0.000,,0.000,1969-12-31,16:00:00,0.000
95,4692363.513,7511912.092,0.000,,0.000,1969-12-31,16:00:00,0.000
96,4692363.540,7511931.095,0.000,,0.000,1969-12-31,16:00:00,0.000
97,4692363.777,7511912.631,0.000,,0.000,1969-12-31,16:00:00,0.000
98,4692363.791,7511931.406,0.000,,0.000,1969-12-31,16:00:00,0.000
99,4692363.873,7511911.916,0.000,,0.000,1969-12-31,16:00:00,0.000
100,4692364.136,7511912.455,0.000,,0.000,1969-12-31,16:00:00,0.000
101,4692364.494,7511938.713,0.000,,0.000,1969-12-31,16:00:00,0.000
102,4692364.745,7511939.024,0.000,,0.000,1969-12-31,16:00:00,0.000
103,4692364.961,7511938.336,0.000,,0.000,1969-12-31,16:00:00,0.000
104,4692365.112,7511934.002,0.000,,0.000,1969-12-31,16:00:00,0.000
105,4692365.212,7511938.648,0.000,,0.000,1969-12-31,16:00:00,0.000
106,4692365.363,7511934.313,0.000,,0.000,1969-12-31,16:00:00,0.000
107,4692365.580,7511933.625,0.000,,0.000,1969-12-31,16:00:00,0.000
108,4692365.831,7511933.937,0.000,,0.000,1969-12-31,16:00:00,0.000
109,4692366.192,7511917.572,0.000,,0.000,1969-12-31,16:00:00,0.000
110,4692366.455,7511918.111,0.000,,0.000,1969-12-31,16:00:00,0.000
111,4692366.551,7511917.397,0.000,,0.000,1969-12-31,16:00:00,0.000
112,4692366.608,7511905.237,0.000,,0.000,1969-12-31,16:00:00,0.000
113,4692366.740,7511928.388,0.000,,0.000,1969-12-31,16:00:00,0.000
114,4692366.815,7511917.936,0.000,,0.000,1969-12-31,16:00:00,0.000
115,4692366.872,7511905.776,0.000,,0.000,1969-12-31,16:00:00,0.000
116,4692366.968,7511905.061,0.000,,0.000,1969-12-31,16:00:00,0.000
117,4692367.052,7511928.138,0.000,,0.000,1969-12-31,16:00:00,0.000
118,4692367.115,7511928.856,0.000,,0.000,1969-12-31,16:00:00,0.000
119,4692367.170,7511936.556,0.000,,0.000,1969-12-31,16:00:00,0.000
120,4692367.231,7511905.600,0.000,,0.000,1969-12-31,16:00:00,0.000
121,4692367.421,7511936.867,0.000,,0.000,1969-12-31,16:00:00,0.000
122,4692367.427,7511928.606,0.000,,0.000,1969-12-31,16:00:00,0.000
123,4692367.638,7511936.179,0.000,,0.000,1969-12-31,16:00:00,0.000
124,4692367.889,7511936.491,0.000,,0.000,1969-12-31,16:00:00,0.000
125,4692368.136,7511920.817,0.000,,0.000,1969-12-31,16:00:00,0.000
126,4692368.448,7511921.329,0.000,,0.000,1969-12-31,16:00:00,0.000
127,4692368.477,7511920.608,0.000,,0.000,1969-12-31,16:00:00,0.000
128,4692368.716,7511909.549,0.000,,0.000,1969-12-31,16:00:00,0.000
129,4692368.778,7511930.919,0.000,,0.000,1969-12-31,16:00:00,0.000
130,4692368.790,7511921.121,0.000,,0.000,1969-12-31,16:00:00,0.000
131,4692368.980,7511910.088,0.000,,0.000,1969-12-31,16:00:00,0.000
132,4692369.075,7511909.374,0.000,,0.000,1969-12-31,16:00:00,0.000
133,4692369.090,7511930.669,0.000,,0.000,1969-12-31,16:00:00,0.000
134,4692369.153,7511931.388,0.000,,0.000,1969-12-31,16:00:00,0.000
135,4692369.339,7511909.913,0.000,,0.000,1969-12-31,16:00:00,0.000
136,4692369.465,7511931.138,0.000,,0.000,1969-12-31,16:00:00,0.000
137,4692370.914,7511925.374,0.000,,0.000,1969-12-31,16:00:00,0.000
138,4692370.921,7511933.547,0.000,,0.000,1969-12-31,16:00:00,0.000
139,4692371.226,7511925.886,0.000,,0.000,1969-12-31,16:00:00,0.000
140,4692371.233,7511933.297,0.000,,0.000,1969-12-31,16:00:00,0.000
141,4692371.255,7511925.166,0.000,,0.000,1969-12-31,16:00:00,0.000
142,4692371.395,7511915.030,0.000,,0.000,1969-12-31,16:00:00,0.000
143,4692371.546,7511934.327,0.000,,0.000,1969-12-31,16:00:00,0.000
144,4692371.550,7511902.822,0.000,,0.000,1969-12-31,16:00:00,0.000
145,4692371.568,7511925.678,0.000,,0.000,1969-12-31,16:00:00,0.000
146,4692371.658,7511915.569,0.000,,0.000,1969-12-31,16:00:00,0.000
147,4692371.754,7511914.854,0.000,,0.000,1969-12-31,16:00:00,0.000
148,4692371.813,7511903.361,0.000,,0.000,1969-12-31,16:00:00,0.000
149,4692371.858,7511934.077,0.000,,0.000,1969-12-31,16:00:00,0.000
150,4692371.909,7511902.646,0.000,,0.000,1969-12-31,16:00:00,0.000
151,4692372.017,7511915.393,0.000,,0.000,1969-12-31,16:00:00,0.000
152,4692372.173,7511903.185,0.000,,0.000,1969-12-31,16:00:00,0.000
153,4692372.465,7511927.919,0.000,,0.000,1969-12-31,16:00:00,0.000
154,4692372.777,7511928.431,0.000,,0.000,1969-12-31,16:00:00,0.000
155,4692372.807,7511927.711,0.000,,0.000,1969-12-31,16:00:00,0.000
156,4692372.874,7511918.118,0.000,,0.000,1969-12-31,16:00:00,0.000
157,4692373.119,7511928.223,0.000,,0.000,1969-12-31,16:00:00,0.000
158,4692373.187,7511918.631,0.000,,0.000,1969-12-31,16:00:00,0.000
159,4692373.216,7511917.910,0.000,,0.000,1969-12-31,16:00:00,0.000
160,4692373.528,7511918.422,0.000,,0.000,1969-12-31,16:00:00,0.000
161,4692373.657,7511907.134,0.000,,0.000,1969-12-31,16:00:00,0.000
162,4692373.921,7511907.673,0.000,,0.000,1969-12-31,16:00:00,0.000
163,4692374.017,7511906.959,0.000,,0.000,1969-12-31,16:00:00,0.000
164,4692374.280,7511907.498,0.000,,0.000,1969-12-31,16:00:00,0.000
165,4692374.417,7511931.513,0.000,,0.000,1969-12-31,16:00:00,0.000
166,4692374.667,7511931.825,0.000,,0.000,1969-12-31,16:00:00,0.000
167,4692374.885,7511931.138,0.000,,0.000,1969-12-31,16:00:00,0.000
168,4692375.135,7511931.450,0.000,,0.000,1969-12-31,16:00:00,0.000
169,4692375.875,7511923.040,0.000,,0.000,1969-12-31,16:00:00,0.000
170,4692376.187,7511923.552,0.000,,0.000,1969-12-31,16:00:00,0.000
171,4692376.216,7511922.832,0.000,,0.000,1969-12-31,16:00:00,0.000
172,4692376.336,7511912.615,0.000,,0.000,1969-12-31,16:00:00,0.000
173,4692376.528,7511923.344,0.000,,0.000,1969-12-31,16:00:00,0.000
174,4692376.599,7511913.154,0.000,,0.000,1969-12-31,16:00:00,0.000
175,4692376.695,7511912.439,0.000,,0.000,1969-12-31,16:00:00,0.000
176,4692376.959,7511912.978,0.000,,0.000,1969-12-31,16:00:00,0.000
177,4692377.829,7511915.670,0.000,,0.000,1969-12-31,16:00:00,0.000
178,4692378.092,7511916.209,0.000,,0.000,1969-12-31,16:00:00,0.000
179,4692378.188,7511915.494,0.000,,0.000,1969-12-31,16:00:00,0.000
180,4692378.451,7511916.033,0.000,,0.000,1969-12-31,16:00:00,0.000
181,4692378.825,7511927.978,0.000,,0.000,1969-12-31,16:00:00,0.000
182,4692379.075,7511928.291,0.000,,0.000,1969-12-31,16:00:00,0.000
183,4692379.293,7511927.603,0.000,,0.000,1969-12-31,16:00:00,0.000
184,4692379.543,7511927.916,0.000,,0.000,1969-12-31,16:00:00,0.000
185,4692380.353,7511920.836,0.000,,0.000,1969-12-31,16:00:00,0.000
186,4692380.617,7511921.375,0.000,,0.000,1969-12-31,16:00:00,0.000
187,4692380.713,7511920.660,0.000,,0.000,1969-12-31,16:00:00,0.000
188,4692380.976,7511921.199,0.000,,0.000,1969-12-31,16:00:00,0.000
189,4692382.308,7511924.836,0.000,,0.000,1969-12-31,16:00:00,0.000
190,4692382.572,7511925.375,0.000,,0.000,1969-12-31,16:00:00,0.000
191,4692382.668,7511924.660,0.000,,0.000,1969-12-31,16:00:00,0.000
192,4692382.931,7511925.199,0.000,,0.000,1969-12-31,16:00:00,0.000
ST1,7511998.455,4692350.403,620.771,,620.771,2022-09-08,09:19:18,
ST2,7511983.300,4692363.317,620.731,,620.731,2022-09-08,09:20:15,
ST3,7511932.682,4692348.675,618.059,,618.059,2022-09-08,09:24:55,
ST4,7511932.168,4692349.306,618.063,,618.063,2022-09-08,09:25:54,
ST5,7511911.669,4692348.854,617.328,,617.328,2022-09-08,09:29:01,
ST6,7511921.450,4692370.748,614.955,,614.955,2022-09-08,09:39:39,
ST11,7511998.455,4692350.403,620.771,,620.771,2022-09-08,10:13:53,
193,7511991.154,4692375.434,0.000,,0.000,1969-12-31,16:00:00,0.000
194,7512031.392,4692339.236,0.000,,0.000,1969-12-31,16:00:00,0.000
195,7511917.615,4692341.281,0.000,,0.000,1969-12-31,16:00:00,0.000
196,7511918.154,4692341.544,0.000,,0.000,1969-12-31,16:00:00,0.000
197,7511917.439,4692341.640,0.000,,0.000,1969-12-31,16:00:00,0.000
198,7511917.978,4692341.903,0.000,,0.000,1969-12-31,16:00:00,0.000
199,7511921.928,4692343.388,0.000,,0.000,1969-12-31,16:00:00,0.000
200,7511922.467,4692343.652,0.000,,0.000,1969-12-31,16:00:00,0.000
201,7511924.726,4692343.747,0.000,,0.000,1969-12-31,16:00:00,0.000
202,7511921.752,4692343.748,0.000,,0.000,1969-12-31,16:00:00,0.000
203,7511925.038,4692343.998,0.000,,0.000,1969-12-31,16:00:00,0.000
204,7511922.291,4692344.011,0.000,,0.000,1969-12-31,16:00:00,0.000
205,7511924.351,4692344.215,0.000,,0.000,1969-12-31,16:00:00,0.000
206,7511924.663,4692344.465,0.000,,0.000,1969-12-31,16:00:00,0.000
207,7511915.068,4692346.492,0.000,,0.000,1969-12-31,16:00:00,0.000
208,7511915.607,4692346.755,0.000,,0.000,1969-12-31,16:00:00,0.000
209,7511914.893,4692346.851,0.000,,0.000,1969-12-31,16:00:00,0.000
210,7511928.608,4692346.878,0.000,,0.000,1969-12-31,16:00:00,0.000
211,7511915.432,4692347.114,0.000,,0.000,1969-12-31,16:00:00,0.000
212,7511928.358,4692347.190,0.000,,0.000,1969-12-31,16:00:00,0.000
213,7511929.076,4692347.253,0.000,,0.000,1969-12-31,16:00:00,0.000
214,7511928.826,4692347.565,0.000,,0.000,1969-12-31,16:00:00,0.000
215,7511919.381,4692348.599,0.000,,0.000,1969-12-31,16:00:00,0.000
216,7511919.920,4692348.863,0.000,,0.000,1969-12-31,16:00:00,0.000
217,7511919.205,4692348.959,0.000,,0.000,1969-12-31,16:00:00,0.000
218,7511919.744,4692349.222,0.000,,0.000,1969-12-31,16:00:00,0.000
219,7511933.108,4692350.504,0.000,,0.000,1969-12-31,16:00:00,0.000
220,7511932.857,4692350.816,0.000,,0.000,1969-12-31,16:00:00,0.000
221,7511933.576,4692350.879,0.000,,0.000,1969-12-31,16:00:00,0.000
222,7511933.326,4692351.191,0.000,,0.000,1969-12-31,16:00:00,0.000
223,7511925.069,4692351.338,0.000,,0.000,1969-12-31,16:00:00,0.000
224,7511912.697,4692351.343,0.000,,0.000,1969-12-31,16:00:00,0.000
225,7511925.381,4692351.589,0.000,,0.000,1969-12-31,16:00:00,0.000
226,7511913.236,4692351.607,0.000,,0.000,1969-12-31,16:00:00,0.000
227,7511912.522,4692351.703,0.000,,0.000,1969-12-31,16:00:00,0.000
228,7511913.061,4692351.966,0.000,,0.000,1969-12-31,16:00:00,0.000
229,7511924.442,4692352.116,0.000,,0.000,1969-12-31,16:00:00,0.000
230,7511924.753,4692352.367,0.000,,0.000,1969-12-31,16:00:00,0.000
231,7511917.010,4692353.451,0.000,,0.000,1969-12-31,16:00:00,0.000
232,7511917.549,4692353.714,0.000,,0.000,1969-12-31,16:00:00,0.000
233,7511916.834,4692353.810,0.000,,0.000,1969-12-31,16:00:00,0.000
234,7511917.373,4692354.074,0.000,,0.000,1969-12-31,16:00:00,0.000
235,7511938.179,4692354.591,0.000,,0.000,1969-12-31,16:00:00,0.000
236,7511937.929,4692354.903,0.000,,0.000,1969-12-31,16:00:00,0.000
237,7511938.647,4692354.966,0.000,,0.000,1969-12-31,16:00:00,0.000
238,7511929.671,4692355.047,0.000,,0.000,1969-12-31,16:00:00,0.000
239,7511929.866,4692355.203,0.000,,0.000,1969-12-31,16:00:00,0.000
240,7511938.397,4692355.278,0.000,,0.000,1969-12-31,16:00:00,0.000
241,7511922.624,4692356.083,0.000,,0.000,1969-12-31,16:00:00,0.000
242,7511928.730,4692356.215,0.000,,0.000,1969-12-31,16:00:00,0.000
243,7511922.983,4692356.259,0.000,,0.000,1969-12-31,16:00:00,0.000
244,7511928.925,4692356.371,0.000,,0.000,1969-12-31,16:00:00,0.000
245,7511910.238,4692356.374,0.000,,0.000,1969-12-31,16:00:00,0.000
246,7511922.361,4692356.622,0.000,,0.000,1969-12-31,16:00:00,0.000
247,7511940.709,4692356.630,0.000,,0.000,1969-12-31,16:00:00,0.000
248,7511910.777,4692356.638,0.000,,0.000,1969-12-31,16:00:00,0.000
249,7511910.063,4692356.734,0.000,,0.000,1969-12-31,16:00:00,0.000
250,7511922.720,4692356.798,0.000,,0.000,1969-12-31,16:00:00,0.000
251,7511940.459,4692356.942,0.000,,0.000,1969-12-31,16:00:00,0.000
252,7511910.602,4692356.997,0.000,,0.000,1969-12-31,16:00:00,0.000
253,7511941.178,4692357.005,0.000,,0.000,1969-12-31,16:00:00,0.000
254,7511940.928,4692357.317,0.000,,0.000,1969-12-31,16:00:00,0.000
255,7511914.551,4692358.482,0.000,,0.000,1969-12-31,16:00:00,0.000
256,7511915.090,4692358.746,0.000,,0.000,1969-12-31,16:00:00,0.000
257,7511914.375,4692358.841,0.000,,0.000,1969-12-31,16:00:00,0.000
258,7511926.400,4692358.986,0.000,,0.000,1969-12-31,16:00:00,0.000
259,7511943.703,4692359.038,0.000,,0.000,1969-12-31,16:00:00,0.000
260,7511914.914,4692359.105,0.000,,0.000,1969-12-31,16:00:00,0.000
261,7511926.712,4692359.237,0.000,,0.000,1969-12-31,16:00:00,0.000
262,7511944.016,4692359.288,0.000,,0.000,1969-12-31,16:00:00,0.000
263,7511926.024,4692359.453,0.000,,0.000,1969-12-31,16:00:00,0.000
264,7511926.335,4692359.704,0.000,,0.000,1969-12-31,16:00:00,0.000
265,7511934.057,4692359.865,0.000,,0.000,1969-12-31,16:00:00,0.000
266,7511934.368,4692360.116,0.000,,0.000,1969-12-31,16:00:00,0.000
267,7511933.680,4692360.332,0.000,,0.000,1969-12-31,16:00:00,0.000
268,7511933.992,4692360.583,0.000,,0.000,1969-12-31,16:00:00,0.000
269,7511942.455,4692360.601,0.000,,0.000,1969-12-31,16:00:00,0.000
270,7511942.768,4692360.851,0.000,,0.000,1969-12-31,16:00:00,0.000
271,7511920.165,4692361.115,0.000,,0.000,1969-12-31,16:00:00,0.000
272,7511920.524,4692361.290,0.000,,0.000,1969-12-31,16:00:00,0.000
273,7511907.779,4692361.406,0.000,,0.000,1969-12-31,16:00:00,0.000
274,7511919.902,4692361.654,0.000,,0.000,1969-12-31,16:00:00,0.000
275,7511908.318,4692361.669,0.000,,0.000,1969-12-31,16:00:00,0.000
276,7511907.604,4692361.765,0.000,,0.000,1969-12-31,16:00:00,0.000
277,7511920.261,4692361.829,0.000,,0.000,1969-12-31,16:00:00,0.000
278,7511936.447,4692361.920,0.000,,0.000,1969-12-31,16:00:00,0.000
279,7511908.143,4692362.029,0.000,,0.000,1969-12-31,16:00:00,0.000
280,7511936.196,4692362.231,0.000,,0.000,1969-12-31,16:00:00,0.000
281,7511936.914,4692362.296,0.000,,0.000,1969-12-31,16:00:00,0.000
282,7511936.663,4692362.607,0.000,,0.000,1969-12-31,16:00:00,0.000
283,7511923.042,4692362.743,0.000,,0.000,1969-12-31,16:00:00,0.000
284,7511923.581,4692363.007,0.000,,0.000,1969-12-31,16:00:00,0.000
285,7511931.471,4692363.073,0.000,,0.000,1969-12-31,16:00:00,0.000
286,7511922.866,4692363.103,0.000,,0.000,1969-12-31,16:00:00,0.000
287,7511931.783,4692363.324,0.000,,0.000,1969-12-31,16:00:00,0.000
288,7511923.406,4692363.366,0.000,,0.000,1969-12-31,16:00:00,0.000
289,7511912.092,4692363.513,0.000,,0.000,1969-12-31,16:00:00,0.000
290,7511931.095,4692363.540,0.000,,0.000,1969-12-31,16:00:00,0.000
291,7511912.631,4692363.777,0.000,,0.000,1969-12-31,16:00:00,0.000
292,7511931.406,4692363.791,0.000,,0.000,1969-12-31,16:00:00,0.000
293,7511911.916,4692363.873,0.000,,0.000,1969-12-31,16:00:00,0.000
294,7511912.455,4692364.136,0.000,,0.000,1969-12-31,16:00:00,0.000
295,7511938.713,4692364.494,0.000,,0.000,1969-12-31,16:00:00,0.000
296,7511939.024,4692364.745,0.000,,0.000,1969-12-31,16:00:00,0.000
297,7511938.336,4692364.961,0.000,,0.000,1969-12-31,16:00:00,0.000
298,7511934.002,4692365.112,0.000,,0.000,1969-12-31,16:00:00,0.000
299,7511938.648,4692365.212,0.000,,0.000,1969-12-31,16:00:00,0.000
300,7511934.313,4692365.363,0.000,,0.000,1969-12-31,16:00:00,0.000
301,7511933.625,4692365.580,0.000,,0.000,1969-12-31,16:00:00,0.000
302,7511933.937,4692365.831,0.000,,0.000,1969-12-31,16:00:00,0.000
303,7511917.572,4692366.192,0.000,,0.000,1969-12-31,16:00:00,0.000
304,7511918.111,4692366.455,0.000,,0.000,1969-12-31,16:00:00,0.000
305,7511917.397,4692366.551,0.000,,0.000,1969-12-31,16:00:00,0.000
306,7511905.237,4692366.608,0.000,,0.000,1969-12-31,16:00:00,0.000
307,7511928.388,4692366.740,0.000,,0.000,1969-12-31,16:00:00,0.000
308,7511917.936,4692366.815,0.000,,0.000,1969-12-31,16:00:00,0.000
309,7511905.776,4692366.872,0.000,,0.000,1969-12-31,16:00:00,0.000
310,7511905.061,4692366.968,0.000,,0.000,1969-12-31,16:00:00,0.000
311,7511928.138,4692367.052,0.000,,0.000,1969-12-31,16:00:00,0.000
312,7511928.856,4692367.115,0.000,,0.000,1969-12-31,16:00:00,0.000
313,7511936.556,4692367.170,0.000,,0.000,1969-12-31,16:00:00,0.000
314,7511905.600,4692367.231,0.000,,0.000,1969-12-31,16:00:00,0.000
315,7511936.867,4692367.421,0.000,,0.000,1969-12-31,16:00:00,0.000
316,7511928.606,4692367.427,0.000,,0.000,1969-12-31,16:00:00,0.000
317,7511936.179,4692367.638,0.000,,0.000,1969-12-31,16:00:00,0.000
318,7511936.491,4692367.889,0.000,,0.000,1969-12-31,16:00:00,0.000
319,7511920.817,4692368.136,0.000,,0.000,1969-12-31,16:00:00,0.000
320,7511921.329,4692368.448,0.000,,0.000,1969-12-31,16:00:00,0.000
321,7511920.608,4692368.477,0.000,,0.000,1969-12-31,16:00:00,0.000
322,7511909.549,4692368.716,0.000,,0.000,1969-12-31,16:00:00,0.000
323,7511930.919,4692368.778,0.000,,0.000,1969-12-31,16:00:00,0.000
324,7511921.121,4692368.790,0.000,,0.000,1969-12-31,16:00:00,0.000
325,7511910.088,4692368.980,0.000,,0.000,1969-12-31,16:00:00,0.000
326,7511909.374,4692369.075,0.000,,0.000,1969-12-31,16:00:00,0.000
327,7511930.669,4692369.090,0.000,,0.000,1969-12-31,16:00:00,0.000
328,7511931.388,4692369.153,0.000,,0.000,1969-12-31,16:00:00,0.000
329,7511909.913,4692369.339,0.000,,0.000,1969-12-31,16:00:00,0.000
330,7511931.138,4692369.465,0.000,,0.000,1969-12-31,16:00:00,0.000
331,7511925.374,4692370.914,0.000,,0.000,1969-12-31,16:00:00,0.000
332,7511933.547,4692370.921,0.000,,0.000,1969-12-31,16:00:00,0.000
333,7511925.886,4692371.226,0.000,,0.000,1969-12-31,16:00:00,0.000
334,7511933.297,4692371.233,0.000,,0.000,1969-12-31,16:00:00,0.000
335,7511925.166,4692371.255,0.000,,0.000,1969-12-31,16:00:00,0.000
336,7511915.030,4692371.395,0.000,,0.000,1969-12-31,16:00:00,0.000
337,7511934.327,4692371.546,0.000,,0.000,1969-12-31,16:00:00,0.000
338,7511902.822,4692371.550,0.000,,0.000,1969-12-31,16:00:00,0.000
339,7511925.678,4692371.568,0.000,,0.000,1969-12-31,16:00:00,0.000
340,7511915.569,4692371.658,0.000,,0.000,1969-12-31,16:00:00,0.000
341,7511914.854,4692371.754,0.000,,0.000,1969-12-31,16:00:00,0.000
342,7511903.361,4692371.813,0.000,,0.000,1969-12-31,16:00:00,0.000
343,7511934.077,4692371.858,0.000,,0.000,1969-12-31,16:00:00,0.000
344,7511902.646,4692371.909,0.000,,0.000,1969-12-31,16:00:00,0.000
345,7511915.393,4692372.017,0.000,,0.000,1969-12-31,16:00:00,0.000
346,7511903.185,4692372.173,0.000,,0.000,1969-12-31,16:00:00,0.000
347,7511927.919,4692372.465,0.000,,0.000,1969-12-31,16:00:00,0.000
348,7511928.431,4692372.777,0.000,,0.000,1969-12-31,16:00:00,0.000
349,7511927.711,4692372.807,0.000,,0.000,1969-12-31,16:00:00,0.000
350,7511918.118,4692372.874,0.000,,0.000,1969-12-31,16:00:00,0.000
351,7511928.223,4692373.119,0.000,,0.000,1969-12-31,16:00:00,0.000
352,7511918.631,4692373.187,0.000,,0.000,1969-12-31,16:00:00,0.000
353,7511917.910,4692373.216,0.000,,0.000,1969-12-31,16:00:00,0.000
354,7511918.422,4692373.528,0.000,,0.000,1969-12-31,16:00:00,0.000
355,7511907.134,4692373.657,0.000,,0.000,1969-12-31,16:00:00,0.000
356,7511907.673,4692373.921,0.000,,0.000,1969-12-31,16:00:00,0.000
357,7511906.959,4692374.017,0.000,,0.000,1969-12-31,16:00:00,0.000
358,7511907.498,4692374.280,0.000,,0.000,1969-12-31,16:00:00,0.000
359,7511931.513,4692374.417,0.000,,0.000,1969-12-31,16:00:00,0.000
360,7511931.825,4692374.667,0.000,,0.000,1969-12-31,16:00:00,0.000
361,7511931.138,4692374.885,0.000,,0.000,1969-12-31,16:00:00,0.000
362,7511931.450,4692375.135,0.000,,0.000,1969-12-31,16:00:00,0.000
363,7511923.040,4692375.875,0.000,,0.000,1969-12-31,16:00:00,0.000
364,7511923.552,4692376.187,0.000,,0.000,1969-12-31,16:00:00,0.000
365,7511922.832,4692376.216,0.000,,0.000,1969-12-31,16:00:00,0.000
366,7511912.615,4692376.336,0.000,,0.000,1969-12-31,16:00:00,0.000
367,7511923.344,4692376.528,0.000,,0.000,1969-12-31,16:00:00,0.000
368,7511913.154,4692376.599,0.000,,0.000,1969-12-31,16:00:00,0.000
369,7511912.439,4692376.695,0.000,,0.000,1969-12-31,16:00:00,0.000
370,7511912.978,4692376.959,0.000,,0.000,1969-12-31,16:00:00,0.000
371,7511915.670,4692377.829,0.000,,0.000,1969-12-31,16:00:00,0.000
372,7511916.209,4692378.092,0.000,,0.000,1969-12-31,16:00:00,0.000
373,7511915.494,4692378.188,0.000,,0.000,1969-12-31,16:00:00,0.000
374,7511916.033,4692378.451,0.000,,0.000,1969-12-31,16:00:00,0.000
375,7511927.978,4692378.825,0.000,,0.000,1969-12-31,16:00:00,0.000
376,7511928.291,4692379.075,0.000,,0.000,1969-12-31,16:00:00,0.000
377,7511927.603,4692379.293,0.000,,0.000,1969-12-31,16:00:00,0.000
378,7511927.916,4692379.543,0.000,,0.000,1969-12-31,16:00:00,0.000
379,7511920.836,4692380.353,0.000,,0.000,1969-12-31,16:00:00,0.000
380,7511921.375,4692380.617,0.000,,0.000,1969-12-31,16:00:00,0.000
381,7511920.660,4692380.713,0.000,,0.000,1969-12-31,16:00:00,0.000
382,7511921.199,4692380.976,0.000,,0.000,1969-12-31,16:00:00,0.000
383,7511924.836,4692382.308,0.000,,0.000,1969-12-31,16:00:00,0.000
384,7511925.375,4692382.572,0.000,,0.000,1969-12-31,16:00:00,0.000
385,7511924.660,4692382.668,0.000,,0.000,1969-12-31,16:00:00,0.000
386,7511925.199,4692382.931,0.000,,0.000,1969-12-31,16:00:00,0.000
ST13,7511932.683,4692348.679,618.066,,618.066,2022-09-08,10:19:25,
ST14,7511932.168,4692349.307,618.065,,618.065,2022-09-08,10:19:53,
ST15,7511911.670,4692348.861,617.330,,617.330,2022-09-08,10:21:40,
