1,7512003.947,4692329.722,0.000,,0.000,1969-12-31,16:00:00,0.000
2,7512004.387,4692330.390,0.000,,0.000,1969-12-31,16:00:00,0.000
3,7512004.596,4692330.253,0.000,,0.000,1969-12-31,16:00:00,0.000
4,7512004.156,4692329.585,0.000,,0.000,1969-12-31,16:00:00,0.000
5,7512001.132,4692324.991,0.000,,0.000,1969-12-31,16:00:00,0.000
6,7512000.923,4692325.129,0.000,,0.000,1969-12-31,16:00:00,0.000
7,7512000.483,4692324.460,0.000,,0.000,1969-12-31,16:00:00,0.000
8,7512000.692,4692324.323,0.000,,0.000,1969-12-31,16:00:00,0.000
9,7511999.399,4692322.360,0.000,,0.000,1969-12-31,16:00:00,0.000
10,7511999.262,4692322.151,0.000,,0.000,1969-12-31,16:00:00,0.000
11,7511998.594,4692322.591,0.000,,0.000,1969-12-31,16:00:00,0.000
12,7511998.731,4692322.800,0.000,,0.000,1969-12-31,16:00:00,0.000
13,7511995.190,4692324.832,0.000,,0.000,1969-12-31,16:00:00,0.000
14,7511994.522,4692325.272,0.000,,0.000,1969-12-31,16:00:00,0.000
15,7511994.659,4692325.481,0.000,,0.000,1969-12-31,16:00:00,0.000
16,7511995.328,4692325.041,0.000,,0.000,1969-12-31,16:00:00,0.000
17,7511996.390,4692327.155,0.000,,0.000,1969-12-31,16:00:00,0.000
18,7511996.181,4692327.292,0.000,,0.000,1969-12-31,16:00:00,0.000
19,7511996.621,4692327.961,0.000,,0.000,1969-12-31,16:00:00,0.000
20,7511996.830,4692327.823,0.000,,0.000,1969-12-31,16:00:00,0.000
21,7511999.646,4692332.554,0.000,,0.000,1969-12-31,16:00:00,0.000
22,7511999.855,4692332.417,0.000,,0.000,1969-12-31,16:00:00,0.000
23,7512000.295,4692333.085,0.000,,0.000,1969-12-31,16:00:00,0.000
24,7512000.086,4692333.223,0.000,,0.000,1969-12-31,16:00:00,0.000
25,7511997.089,4692338.309,0.000,,0.000,1969-12-31,16:00:00,0.000
26,7511996.421,4692338.749,0.000,,0.000,1969-12-31,16:00:00,0.000
27,7511996.283,4692338.540,0.000,,0.000,1969-12-31,16:00:00,0.000
28,7511996.951,4692338.100,0.000,,0.000,1969-12-31,16:00:00,0.000
29,7511995.659,4692336.137,0.000,,0.000,1969-12-31,16:00:00,0.000
30,7511995.450,4692336.275,0.000,,0.000,1969-12-31,16:00:00,0.000
31,7511995.010,4692335.606,0.000,,0.000,1969-12-31,16:00:00,0.000
32,7511995.219,4692335.469,0.000,,0.000,1969-12-31,16:00:00,0.000
33,7511991.694,4692331.205,0.000,,0.000,1969-12-31,16:00:00,0.000
34,7511991.485,4692331.343,0.000,,0.000,1969-12-31,16:00:00,0.000
35,7511991.045,4692330.674,0.000,,0.000,1969-12-31,16:00:00,0.000
36,7511991.254,4692330.537,0.000,,0.000,1969-12-31,16:00:00,0.000
37,7511989.920,4692328.602,0.000,,0.000,1969-12-31,16:00:00,0.000
38,7511989.782,4692328.393,0.000,,0.000,1969-12-31,16:00:00,0.000
39,7511988.989,4692328.915,0.000,,0.000,1969-12-31,16:00:00,0.000
40,7511989.126,4692329.124,0.000,,0.000,1969-12-31,16:00:00,0.000
41,7511987.830,4692328.049,0.000,,0.000,1969-12-31,16:00:00,0.000
42,7511987.987,4692327.854,0.000,,0.000,1969-12-31,16:00:00,0.000
43,7511987.363,4692327.354,0.000,,0.000,1969-12-31,16:00:00,0.000
44,7511987.206,4692327.549,0.000,,0.000,1969-12-31,16:00:00,0.000
45,7511985.908,4692329.485,0.000,,0.000,1969-12-31,16:00:00,0.000
46,7511985.557,4692329.523,0.000,,0.000,1969-12-31,16:00:00,0.000
47,7511984.812,4692330.849,0.000,,0.000,1969-12-31,16:00:00,0.000
48,7511984.656,4692331.044,0.000,,0.000,1969-12-31,16:00:00,0.000
49,7511987.736,4692333.197,0.000,,0.000,1969-12-31,16:00:00,0.000
50,7511987.385,4692333.236,0.000,,0.000,1969-12-31,16:00:00,0.000
51,7511985.607,4692335.848,0.000,,0.000,1969-12-31,16:00:00,0.000
52,7511985.412,4692335.692,0.000,,0.000,1969-12-31,16:00:00,0.000
53,7511982.589,4692333.617,0.000,,0.000,1969-12-31,16:00:00,0.000
54,7511982.395,4692333.460,0.000,,0.000,1969-12-31,16:00:00,0.000
55,7511979.977,4692331.519,0.000,,0.000,1969-12-31,16:00:00,0.000
56,7511979.782,4692331.363,0.000,,0.000,1969-12-31,16:00:00,0.000
57,7511983.140,4692327.582,0.000,,0.000,1969-12-31,16:00:00,0.000
58,7511983.101,4692327.230,0.000,,0.000,1969-12-31,16:00:00,0.000
59,7511990.897,4692338.315,0.000,,0.000,1969-12-31,16:00:00,0.000
60,7511990.688,4692338.452,0.000,,0.000,1969-12-31,16:00:00,0.000
61,7511991.128,4692339.120,0.000,,0.000,1969-12-31,16:00:00,0.000
62,7511991.337,4692338.983,0.000,,0.000,1969-12-31,16:00:00,0.000
63,7511992.821,4692340.819,0.000,,0.000,1969-12-31,16:00:00,0.000
64,7511992.959,4692341.028,0.000,,0.000,1969-12-31,16:00:00,0.000
65,7511992.290,4692341.468,0.000,,0.000,1969-12-31,16:00:00,0.000
66,7511992.153,4692341.259,0.000,,0.000,1969-12-31,16:00:00,0.000
67,7511990.010,4692342.969,0.000,,0.000,1969-12-31,16:00:00,0.000
68,7511989.342,4692343.409,0.000,,0.000,1969-12-31,16:00:00,0.000
69,7511989.205,4692343.200,0.000,,0.000,1969-12-31,16:00:00,0.000
70,7511989.873,4692342.760,0.000,,0.000,1969-12-31,16:00:00,0.000
71,7511988.163,4692341.072,0.000,,0.000,1969-12-31,16:00:00,0.000
72,7511987.954,4692341.210,0.000,,0.000,1969-12-31,16:00:00,0.000
73,7511987.514,4692340.542,0.000,,0.000,1969-12-31,16:00:00,0.000
74,7511987.723,4692340.404,0.000,,0.000,1969-12-31,16:00:00,0.000
75,7511983.020,4692339.069,0.000,,0.000,1969-12-31,16:00:00,0.000
76,7511982.825,4692338.912,0.000,,0.000,1969-12-31,16:00:00,0.000
77,7511982.324,4692339.536,0.000,,0.000,1969-12-31,16:00:00,0.000
78,7511982.519,4692339.693,0.000,,0.000,1969-12-31,16:00:00,0.000
79,7511983.051,4692344.314,0.000,,0.000,1969-12-31,16:00:00,0.000
80,7511982.895,4692344.509,0.000,,0.000,1969-12-31,16:00:00,0.000
81,7511982.271,4692344.008,0.000,,0.000,1969-12-31,16:00:00,0.000
82,7511982.428,4692343.813,0.000,,0.000,1969-12-31,16:00:00,0.000
83,7511980.529,4692342.609,0.000,,0.000,1969-12-31,16:00:00,0.000
84,7511980.686,4692342.414,0.000,,0.000,1969-12-31,16:00:00,0.000
85,7511980.062,4692341.913,0.000,,0.000,1969-12-31,16:00:00,0.000
86,7511979.906,4692342.108,0.000,,0.000,1969-12-31,16:00:00,0.000
87,7511976.483,4692339.359,0.000,,0.000,1969-12-31,16:00:00,0.000
88,7511975.859,4692338.858,0.000,,0.000,1969-12-31,16:00:00,0.000
89,7511976.016,4692338.663,0.000,,0.000,1969-12-31,16:00:00,0.000
90,7511976.639,4692339.164,0.000,,0.000,1969-12-31,16:00:00,0.000
91,7511978.473,4692336.443,0.000,,0.000,1969-12-31,16:00:00,0.000
92,7511978.278,4692336.286,0.000,,0.000,1969-12-31,16:00:00,0.000
93,7511978.779,4692335.662,0.000,,0.000,1969-12-31,16:00:00,0.000
94,7511978.974,4692335.819,0.000,,0.000,1969-12-31,16:00:00,0.000
95,7511977.485,4692334.623,0.000,,0.000,1969-12-31,16:00:00,0.000
96,7511976.861,4692334.122,0.000,,0.000,1969-12-31,16:00:00,0.000
97,7511976.704,4692334.317,0.000,,0.000,1969-12-31,16:00:00,0.000
98,7511977.328,4692334.818,0.000,,0.000,1969-12-31,16:00:00,0.000
99,7511974.936,4692337.796,0.000,,0.000,1969-12-31,16:00:00,0.000
100,7511974.779,4692337.991,0.000,,0.000,1969-12-31,16:00:00,0.000
101,7511974.156,4692337.490,0.000,,0.000,1969-12-31,16:00:00,0.000
102,7511974.312,4692337.295,0.000,,0.000,1969-12-31,16:00:00,0.000
103,7511970.024,4692333.851,0.000,,0.000,1969-12-31,16:00:00,0.000
104,7511969.867,4692334.046,0.000,,0.000,1969-12-31,16:00:00,0.000
105,7511969.244,4692333.545,0.000,,0.000,1969-12-31,16:00:00,0.000
106,7511969.400,4692333.350,0.000,,0.000,1969-12-31,16:00:00,0.000
107,7511971.448,4692330.801,0.000,,0.000,1969-12-31,16:00:00,0.000
108,7511971.643,4692330.957,0.000,,0.000,1969-12-31,16:00:00,0.000
109,7511972.144,4692330.333,0.000,,0.000,1969-12-31,16:00:00,0.000
110,7511971.949,4692330.177,0.000,,0.000,1969-12-31,16:00:00,0.000
111,7511974.396,4692330.052,0.000,,0.000,1969-12-31,16:00:00,0.000
112,7511974.591,4692330.208,0.000,,0.000,1969-12-31,16:00:00,0.000
113,7511975.092,4692329.585,0.000,,0.000,1969-12-31,16:00:00,0.000
114,7511974.897,4692329.428,0.000,,0.000,1969-12-31,16:00:00,0.000
115,7511977.153,4692326.621,0.000,,0.000,1969-12-31,16:00:00,0.000
116,7511977.348,4692326.778,0.000,,0.000,1969-12-31,16:00:00,0.000
117,7511977.849,4692326.154,0.000,,0.000,1969-12-31,16:00:00,0.000
118,7511977.654,4692325.998,0.000,,0.000,1969-12-31,16:00:00,0.000
KOL-BAS1,7511991.220,4692375.657,622.069,,622.069,1969-12-31,16:00:00,0.000
BASKIA5,7512031.399,4692339.394,620.841,,620.841,1969-12-31,16:00:00,0.000
KOLBASKIA3,7511948.198,4692424.872,620.842,,620.842,1969-12-31,16:00:00,0.000
FS1,7511986.691,4692347.100,660.069,,660.069,2023-09-14,06:55:28,
FS2,7511986.691,4692347.100,660.069,,660.069,2023-09-14,06:58:31,
119,7511965.021,4692332.411,660.066,,660.066,2023-09-14,08:45:30,
120,7511973.035,4692322.474,660.053,KATI-12,660.053,2023-09-14,08:46:06,
121,7511976.279,4692325.111,660.088,KATI-12,660.088,2023-09-14,08:46:25,
122,7511977.264,4692323.925,660.078,KATI-12,660.078,2023-09-14,08:46:37,
123,7511979.056,4692325.448,660.070,KATI-12,660.070,2023-09-14,08:46:57,
124,7511979.755,4692324.564,660.055,KATI-12,660.055,2023-09-14,08:47:10,
125,7511985.097,4692328.851,660.070,KATI-12,660.070,2023-09-14,08:47:37,
126,7511999.722,4692319.215,660.048,KATI-12,660.048,2023-09-14,08:48:03,
127,7512008.911,4692333.164,660.057,KATI-12,660.057,2023-09-14,08:48:28,
128,7511985.343,4692348.813,660.077,KATI-12,660.077,2023-09-14,08:49:01,
