210,7511934.523,4692371.382,0.000,,0.000,1969-12-31,16:00:00,0.000
211,7511934.148,4692371.851,0.000,,0.000,1969-12-31,16:00:00,0.000
212,7511934.460,4692372.101,0.000,,0.000,1969-12-31,16:00:00,0.000
213,7511934.835,4692371.633,0.000,,0.000,1969-12-31,16:00:00,0.000
214,7511928.334,4692379.109,0.000,,0.000,1969-12-31,16:00:00,0.000
215,7511927.959,4692379.578,0.000,,0.000,1969-12-31,16:00:00,0.000
216,7511928.271,4692379.828,0.000,,0.000,1969-12-31,16:00:00,0.000
217,7511928.646,4692379.360,0.000,,0.000,1969-12-31,16:00:00,0.000
218,7511931.866,4692374.700,0.000,,0.000,1969-12-31,16:00:00,0.000
219,7511931.491,4692375.168,0.000,,0.000,1969-12-31,16:00:00,0.000
220,7511931.803,4692375.418,0.000,,0.000,1969-12-31,16:00:00,0.000
221,7511932.178,4692374.950,0.000,,0.000,1969-12-31,16:00:00,0.000
222,7511882.370,4692362.723,0.000,,0.000,1969-12-31,16:00:00,0.000
223,7511882.634,4692362.184,0.000,,0.000,1969-12-31,16:00:00,0.000
224,7511881.915,4692361.833,0.000,,0.000,1969-12-31,16:00:00,0.000
225,7511881.652,4692362.372,0.000,,0.000,1969-12-31,16:00:00,0.000
226,7511909.709,4692383.875,0.000,,0.000,1969-12-31,16:00:00,0.000
227,7511909.973,4692383.336,0.000,,0.000,1969-12-31,16:00:00,0.000
228,7511909.254,4692382.985,0.000,,0.000,1969-12-31,16:00:00,0.000
229,7511908.990,4692383.524,0.000,,0.000,1969-12-31,16:00:00,0.000
230,7511894.551,4692389.157,0.000,,0.000,1969-12-31,16:00:00,0.000
231,7511894.726,4692388.797,0.000,,0.000,1969-12-31,16:00:00,0.000
232,7511894.367,4692388.622,0.000,,0.000,1969-12-31,16:00:00,0.000
233,7511893.873,4692388.380,0.000,,0.000,1969-12-31,16:00:00,0.000
234,7511893.697,4692388.740,0.000,,0.000,1969-12-31,16:00:00,0.000
235,7511912.924,4692398.136,0.000,,0.000,1969-12-31,16:00:00,0.000
236,7511913.187,4692397.597,0.000,,0.000,1969-12-31,16:00:00,0.000
237,7511912.469,4692397.246,0.000,,0.000,1969-12-31,16:00:00,0.000
238,7511912.205,4692397.785,0.000,,0.000,1969-12-31,16:00:00,0.000
239,7511883.991,4692378.765,0.000,,0.000,1969-12-31,16:00:00,0.000
240,7511884.216,4692378.875,0.000,,0.000,1969-12-31,16:00:00,0.000
241,7511884.875,4692377.527,0.000,,0.000,1969-12-31,16:00:00,0.000
242,7511884.650,4692377.417,0.000,,0.000,1969-12-31,16:00:00,0.000
243,7511881.928,4692382.987,0.000,,0.000,1969-12-31,16:00:00,0.000
244,7511882.152,4692383.097,0.000,,0.000,1969-12-31,16:00:00,0.000
245,7511882.855,4692381.660,0.000,,0.000,1969-12-31,16:00:00,0.000
246,7511882.630,4692381.550,0.000,,0.000,1969-12-31,16:00:00,0.000
247,7511895.738,4692377.048,0.000,,0.000,1969-12-31,16:00:00,0.000
248,7511896.002,4692376.509,0.000,,0.000,1969-12-31,16:00:00,0.000
249,7511895.283,4692376.157,0.000,,0.000,1969-12-31,16:00:00,0.000
250,7511895.020,4692376.696,0.000,,0.000,1969-12-31,16:00:00,0.000
251,7511938.113,4692404.214,0.000,,0.000,1969-12-31,16:00:00,0.000
252,7511938.377,4692403.675,0.000,,0.000,1969-12-31,16:00:00,0.000
253,7511937.658,4692403.324,0.000,,0.000,1969-12-31,16:00:00,0.000
254,7511937.395,4692403.863,0.000,,0.000,1969-12-31,16:00:00,0.000
255,7511887.267,4692365.116,0.000,,0.000,1969-12-31,16:00:00,0.000
256,7511887.530,4692364.577,0.000,,0.000,1969-12-31,16:00:00,0.000
257,7511886.812,4692364.226,0.000,,0.000,1969-12-31,16:00:00,0.000
258,7511886.548,4692364.765,0.000,,0.000,1969-12-31,16:00:00,0.000
259,7511881.646,4692376.617,0.000,,0.000,1969-12-31,16:00:00,0.000
260,7511881.910,4692376.078,0.000,,0.000,1969-12-31,16:00:00,0.000
261,7511881.191,4692375.727,0.000,,0.000,1969-12-31,16:00:00,0.000
262,7511880.927,4692376.266,0.000,,0.000,1969-12-31,16:00:00,0.000
263,7511879.187,4692381.648,0.000,,0.000,1969-12-31,16:00:00,0.000
264,7511879.451,4692381.109,0.000,,0.000,1969-12-31,16:00:00,0.000
265,7511878.732,4692380.758,0.000,,0.000,1969-12-31,16:00:00,0.000
266,7511878.469,4692381.297,0.000,,0.000,1969-12-31,16:00:00,0.000
267,7511884.193,4692371.405,0.000,,0.000,1969-12-31,16:00:00,0.000
268,7511884.457,4692370.866,0.000,,0.000,1969-12-31,16:00:00,0.000
269,7511883.738,4692370.515,0.000,,0.000,1969-12-31,16:00:00,0.000
270,7511883.475,4692371.054,0.000,,0.000,1969-12-31,16:00:00,0.000
271,7511876.750,4692374.224,0.000,,0.000,1969-12-31,16:00:00,0.000
272,7511877.013,4692373.685,0.000,,0.000,1969-12-31,16:00:00,0.000
273,7511876.294,4692373.334,0.000,,0.000,1969-12-31,16:00:00,0.000
274,7511876.031,4692373.873,0.000,,0.000,1969-12-31,16:00:00,0.000
275,7511879.563,4692367.807,0.000,,0.000,1969-12-31,16:00:00,0.000
276,7511879.204,4692367.631,0.000,,0.000,1969-12-31,16:00:00,0.000
277,7511878.501,4692369.069,0.000,,0.000,1969-12-31,16:00:00,0.000
278,7511878.861,4692369.244,0.000,,0.000,1969-12-31,16:00:00,0.000
279,7511940.112,4692400.125,0.000,,0.000,1969-12-31,16:00:00,0.000
280,7511939.572,4692399.862,0.000,,0.000,1969-12-31,16:00:00,0.000
281,7511939.221,4692400.581,0.000,,0.000,1969-12-31,16:00:00,0.000
282,7511939.760,4692400.844,0.000,,0.000,1969-12-31,16:00:00,0.000
283,7511930.360,4692388.292,0.000,,0.000,1969-12-31,16:00:00,0.000
284,7511930.672,4692388.542,0.000,,0.000,1969-12-31,16:00:00,0.000
285,7511931.704,4692387.254,0.000,,0.000,1969-12-31,16:00:00,0.000
286,7511931.392,4692387.004,0.000,,0.000,1969-12-31,16:00:00,0.000
287,7511934.952,4692395.823,0.000,,0.000,1969-12-31,16:00:00,0.000
288,7511934.458,4692395.581,0.000,,0.000,1969-12-31,16:00:00,0.000
289,7511934.019,4692396.480,0.000,,0.000,1969-12-31,16:00:00,0.000
290,7511934.513,4692396.721,0.000,,0.000,1969-12-31,16:00:00,0.000
291,7511934.570,4692408.047,0.000,,0.000,1969-12-31,16:00:00,0.000
292,7511934.307,4692408.587,0.000,,0.000,1969-12-31,16:00:00,0.000
293,7511935.654,4692409.245,0.000,,0.000,1969-12-31,16:00:00,0.000
294,7511935.918,4692408.706,0.000,,0.000,1969-12-31,16:00:00,0.000
295,7511932.363,4692401.404,0.000,,0.000,1969-12-31,16:00:00,0.000
296,7511932.627,4692400.865,0.000,,0.000,1969-12-31,16:00:00,0.000
297,7511931.908,4692400.513,0.000,,0.000,1969-12-31,16:00:00,0.000
298,7511931.645,4692401.052,0.000,,0.000,1969-12-31,16:00:00,0.000
299,7511929.904,4692406.435,0.000,,0.000,1969-12-31,16:00:00,0.000
300,7511930.168,4692405.896,0.000,,0.000,1969-12-31,16:00:00,0.000
301,7511929.449,4692405.545,0.000,,0.000,1969-12-31,16:00:00,0.000
302,7511929.186,4692406.084,0.000,,0.000,1969-12-31,16:00:00,0.000
303,7511926.187,4692398.385,0.000,,0.000,1969-12-31,16:00:00,0.000
304,7511926.450,4692397.846,0.000,,0.000,1969-12-31,16:00:00,0.000
305,7511925.731,4692397.495,0.000,,0.000,1969-12-31,16:00:00,0.000
306,7511925.468,4692398.034,0.000,,0.000,1969-12-31,16:00:00,0.000
307,7511923.728,4692403.416,0.000,,0.000,1969-12-31,16:00:00,0.000
308,7511923.991,4692402.877,0.000,,0.000,1969-12-31,16:00:00,0.000
309,7511923.272,4692402.526,0.000,,0.000,1969-12-31,16:00:00,0.000
310,7511923.009,4692403.065,0.000,,0.000,1969-12-31,16:00:00,0.000
311,7511936.480,4692391.208,0.000,,0.000,1969-12-31,16:00:00,0.000
312,7511936.230,4692391.520,0.000,,0.000,1969-12-31,16:00:00,0.000
313,7511937.518,4692392.551,0.000,,0.000,1969-12-31,16:00:00,0.000
314,7511937.768,4692392.239,0.000,,0.000,1969-12-31,16:00:00,0.000
315,7511940.856,4692394.713,0.000,,0.000,1969-12-31,16:00:00,0.000
316,7511940.606,4692395.025,0.000,,0.000,1969-12-31,16:00:00,0.000
317,7511941.972,4692396.119,0.000,,0.000,1969-12-31,16:00:00,0.000
318,7511942.222,4692395.807,0.000,,0.000,1969-12-31,16:00:00,0.000
319,7511943.649,4692391.376,0.000,,0.000,1969-12-31,16:00:00,0.000
320,7511943.274,4692391.844,0.000,,0.000,1969-12-31,16:00:00,0.000
321,7511943.898,4692392.344,0.000,,0.000,1969-12-31,16:00:00,0.000
322,7511944.273,4692391.876,0.000,,0.000,1969-12-31,16:00:00,0.000
323,7511930.809,4692381.092,0.000,,0.000,1969-12-31,16:00:00,0.000
324,7511930.434,4692381.561,0.000,,0.000,1969-12-31,16:00:00,0.000
325,7511931.059,4692382.061,0.000,,0.000,1969-12-31,16:00:00,0.000
326,7511931.434,4692381.592,0.000,,0.000,1969-12-31,16:00:00,0.000
327,7511933.892,4692383.562,0.000,,0.000,1969-12-31,16:00:00,0.000
328,7511933.517,4692384.030,0.000,,0.000,1969-12-31,16:00:00,0.000
329,7511934.142,4692384.530,0.000,,0.000,1969-12-31,16:00:00,0.000
330,7511934.517,4692384.062,0.000,,0.000,1969-12-31,16:00:00,0.000
331,7511939.200,4692387.813,0.000,,0.000,1969-12-31,16:00:00,0.000
332,7511938.825,4692388.281,0.000,,0.000,1969-12-31,16:00:00,0.000
333,7511939.449,4692388.781,0.000,,0.000,1969-12-31,16:00:00,0.000
334,7511939.824,4692388.313,0.000,,0.000,1969-12-31,16:00:00,0.000
335,7511947.181,4692386.966,0.000,,0.000,1969-12-31,16:00:00,0.000
336,7511946.806,4692387.434,0.000,,0.000,1969-12-31,16:00:00,0.000
337,7511947.430,4692387.934,0.000,,0.000,1969-12-31,16:00:00,0.000
338,7511947.805,4692387.466,0.000,,0.000,1969-12-31,16:00:00,0.000
339,7511934.341,4692376.682,0.000,,0.000,1969-12-31,16:00:00,0.000
340,7511933.966,4692377.151,0.000,,0.000,1969-12-31,16:00:00,0.000
341,7511934.591,4692377.651,0.000,,0.000,1969-12-31,16:00:00,0.000
342,7511934.966,4692377.183,0.000,,0.000,1969-12-31,16:00:00,0.000
343,7511926.632,4692388.306,0.000,,0.000,1969-12-31,16:00:00,0.000
344,7511926.522,4692388.531,0.000,,0.000,1969-12-31,16:00:00,0.000
345,7511929.667,4692390.068,0.000,,0.000,1969-12-31,16:00:00,0.000
346,7511929.892,4692390.177,0.000,,0.000,1969-12-31,16:00:00,0.000
347,7511930.001,4692389.953,0.000,,0.000,1969-12-31,16:00:00,0.000
348,7511928.262,4692392.943,0.000,,0.000,1969-12-31,16:00:00,0.000
349,7511928.487,4692393.052,0.000,,0.000,1969-12-31,16:00:00,0.000
350,7511941.002,4692377.084,0.000,,0.000,1969-12-31,16:00:00,0.000
351,7511941.252,4692376.772,0.000,,0.000,1969-12-31,16:00:00,0.000
352,7511939.691,4692375.522,0.000,,0.000,1969-12-31,16:00:00,0.000
353,7511939.441,4692375.834,0.000,,0.000,1969-12-31,16:00:00,0.000
354,7511937.424,4692379.152,0.000,,0.000,1969-12-31,16:00:00,0.000
355,7511937.049,4692379.620,0.000,,0.000,1969-12-31,16:00:00,0.000
356,7511937.674,4692380.120,0.000,,0.000,1969-12-31,16:00:00,0.000
357,7511938.049,4692379.652,0.000,,0.000,1969-12-31,16:00:00,0.000
358,7511946.231,4692381.273,0.000,,0.000,1969-12-31,16:00:00,0.000
359,7511946.481,4692380.961,0.000,,0.000,1969-12-31,16:00:00,0.000
360,7511944.920,4692379.710,0.000,,0.000,1969-12-31,16:00:00,0.000
361,7511944.670,4692380.023,0.000,,0.000,1969-12-31,16:00:00,0.000
362,7511942.732,4692383.403,0.000,,0.000,1969-12-31,16:00:00,0.000
363,7511942.357,4692383.871,0.000,,0.000,1969-12-31,16:00:00,0.000
364,7511942.981,4692384.371,0.000,,0.000,1969-12-31,16:00:00,0.000
365,7511943.356,4692383.903,0.000,,0.000,1969-12-31,16:00:00,0.000
366,7511949.306,4692384.953,0.000,,0.000,1969-12-31,16:00:00,0.000
367,7511949.618,4692385.203,0.000,,0.000,1969-12-31,16:00:00,0.000
368,7511950.212,4692384.461,0.000,,0.000,1969-12-31,16:00:00,0.000
369,7511949.900,4692384.211,0.000,,0.000,1969-12-31,16:00:00,0.000
370,7511950.462,4692384.149,0.000,,0.000,1969-12-31,16:00:00,0.000
371,7511949.057,4692383.024,0.000,,0.000,1969-12-31,16:00:00,0.000
372,7511948.807,4692383.336,0.000,,0.000,1969-12-31,16:00:00,0.000
373,7511938.309,4692374.928,0.000,,0.000,1969-12-31,16:00:00,0.000
374,7511938.559,4692374.616,0.000,,0.000,1969-12-31,16:00:00,0.000
375,7511936.998,4692373.365,0.000,,0.000,1969-12-31,16:00:00,0.000
376,7511936.748,4692373.677,0.000,,0.000,1969-12-31,16:00:00,0.000
377,7511919.959,4692394.673,0.000,,0.000,1969-12-31,16:00:00,0.000
378,7511919.599,4692394.498,0.000,,0.000,1969-12-31,16:00:00,0.000
379,7511918.721,4692396.295,0.000,,0.000,1969-12-31,16:00:00,0.000
380,7511919.081,4692396.470,0.000,,0.000,1969-12-31,16:00:00,0.000
381,7511917.730,4692400.485,0.000,,0.000,1969-12-31,16:00:00,0.000
382,7511917.906,4692400.126,0.000,,0.000,1969-12-31,16:00:00,0.000
383,7511917.412,4692399.884,0.000,,0.000,1969-12-31,16:00:00,0.000
384,7511917.053,4692399.709,0.000,,0.000,1969-12-31,16:00:00,0.000
385,7511916.877,4692400.068,0.000,,0.000,1969-12-31,16:00:00,0.000
386,7511918.202,4692398.267,0.000,,0.000,1969-12-31,16:00:00,0.000
387,7511917.843,4692398.092,0.000,,0.000,1969-12-31,16:00:00,0.000
388,7511918.227,4692396.053,0.000,,0.000,1969-12-31,16:00:00,0.000
389,7511918.586,4692396.229,0.000,,0.000,1969-12-31,16:00:00,0.000
390,7511919.465,4692394.432,0.000,,0.000,1969-12-31,16:00:00,0.000
391,7511919.105,4692394.256,0.000,,0.000,1969-12-31,16:00:00,0.000
392,7511921.389,4692389.584,0.000,,0.000,1969-12-31,16:00:00,0.000
393,7511921.748,4692389.759,0.000,,0.000,1969-12-31,16:00:00,0.000
394,7511922.626,4692387.962,0.000,,0.000,1969-12-31,16:00:00,0.000
395,7511922.267,4692387.787,0.000,,0.000,1969-12-31,16:00:00,0.000
396,7511924.232,4692382.514,0.000,,0.000,1969-12-31,16:00:00,0.000
397,7511924.056,4692382.873,0.000,,0.000,1969-12-31,16:00:00,0.000
398,7511924.550,4692383.115,0.000,,0.000,1969-12-31,16:00:00,0.000
399,7511924.910,4692383.291,0.000,,0.000,1969-12-31,16:00:00,0.000
400,7511925.085,4692382.931,0.000,,0.000,1969-12-31,16:00:00,0.000
401,7511923.760,4692384.732,0.000,,0.000,1969-12-31,16:00:00,0.000
402,7511924.119,4692384.908,0.000,,0.000,1969-12-31,16:00:00,0.000
403,7511916.742,4692400.002,0.000,,0.000,1969-12-31,16:00:00,0.000
404,7511916.918,4692399.643,0.000,,0.000,1969-12-31,16:00:00,0.000
405,7511916.558,4692399.467,0.000,,0.000,1969-12-31,16:00:00,0.000
406,7511916.064,4692399.226,0.000,,0.000,1969-12-31,16:00:00,0.000
407,7511915.889,4692399.585,0.000,,0.000,1969-12-31,16:00:00,0.000
408,7511917.708,4692398.026,0.000,,0.000,1969-12-31,16:00:00,0.000
409,7511917.349,4692397.850,0.000,,0.000,1969-12-31,16:00:00,0.000
410,7511921.003,4692381.604,0.000,,0.000,1969-12-31,16:00:00,0.000
411,7511921.267,4692381.065,0.000,,0.000,1969-12-31,16:00:00,0.000
412,7511920.548,4692380.714,0.000,,0.000,1969-12-31,16:00:00,0.000
413,7511920.285,4692381.253,0.000,,0.000,1969-12-31,16:00:00,0.000
414,7511917.930,4692387.893,0.000,,0.000,1969-12-31,16:00:00,0.000
415,7511918.193,4692387.354,0.000,,0.000,1969-12-31,16:00:00,0.000
416,7511917.475,4692387.003,0.000,,0.000,1969-12-31,16:00:00,0.000
417,7511917.211,4692387.542,0.000,,0.000,1969-12-31,16:00:00,0.000
418,7511915.383,4692393.105,0.000,,0.000,1969-12-31,16:00:00,0.000
419,7511915.646,4692392.566,0.000,,0.000,1969-12-31,16:00:00,0.000
420,7511914.927,4692392.215,0.000,,0.000,1969-12-31,16:00:00,0.000
421,7511914.664,4692392.754,0.000,,0.000,1969-12-31,16:00:00,0.000
422,7511908.368,4692393.906,0.000,,0.000,1969-12-31,16:00:00,0.000
423,7511908.009,4692393.731,0.000,,0.000,1969-12-31,16:00:00,0.000
424,7511907.219,4692395.348,0.000,,0.000,1969-12-31,16:00:00,0.000
425,7511907.578,4692395.524,0.000,,0.000,1969-12-31,16:00:00,0.000
426,7511910.300,4692389.953,0.000,,0.000,1969-12-31,16:00:00,0.000
427,7511909.941,4692389.778,0.000,,0.000,1969-12-31,16:00:00,0.000
428,7511909.151,4692391.395,0.000,,0.000,1969-12-31,16:00:00,0.000
429,7511909.510,4692391.570,0.000,,0.000,1969-12-31,16:00:00,0.000
430,7511915.837,4692379.079,0.000,,0.000,1969-12-31,16:00:00,0.000
431,7511916.101,4692378.540,0.000,,0.000,1969-12-31,16:00:00,0.000
432,7511915.382,4692378.189,0.000,,0.000,1969-12-31,16:00:00,0.000
433,7511915.119,4692378.728,0.000,,0.000,1969-12-31,16:00:00,0.000
434,7511912.764,4692385.368,0.000,,0.000,1969-12-31,16:00:00,0.000
435,7511913.027,4692384.829,0.000,,0.000,1969-12-31,16:00:00,0.000
436,7511912.308,4692384.478,0.000,,0.000,1969-12-31,16:00:00,0.000
437,7511912.045,4692385.017,0.000,,0.000,1969-12-31,16:00:00,0.000
438,7511905.314,4692392.413,0.000,,0.000,1969-12-31,16:00:00,0.000
439,7511904.954,4692392.238,0.000,,0.000,1969-12-31,16:00:00,0.000
440,7511904.164,4692393.855,0.000,,0.000,1969-12-31,16:00:00,0.000
441,7511904.523,4692394.031,0.000,,0.000,1969-12-31,16:00:00,0.000
442,7511907.246,4692388.460,0.000,,0.000,1969-12-31,16:00:00,0.000
443,7511906.886,4692388.285,0.000,,0.000,1969-12-31,16:00:00,0.000
444,7511906.096,4692389.902,0.000,,0.000,1969-12-31,16:00:00,0.000
445,7511906.455,4692390.077,0.000,,0.000,1969-12-31,16:00:00,0.000
446,7511912.783,4692377.586,0.000,,0.000,1969-12-31,16:00:00,0.000
447,7511913.046,4692377.047,0.000,,0.000,1969-12-31,16:00:00,0.000
448,7511912.327,4692376.696,0.000,,0.000,1969-12-31,16:00:00,0.000
449,7511912.064,4692377.235,0.000,,0.000,1969-12-31,16:00:00,0.000
450,7511907.302,4692374.908,0.000,,0.000,1969-12-31,16:00:00,0.000
451,7511907.566,4692374.369,0.000,,0.000,1969-12-31,16:00:00,0.000
452,7511906.847,4692374.018,0.000,,0.000,1969-12-31,16:00:00,0.000
453,7511906.583,4692374.557,0.000,,0.000,1969-12-31,16:00:00,0.000
454,7511904.229,4692381.197,0.000,,0.000,1969-12-31,16:00:00,0.000
455,7511904.492,4692380.658,0.000,,0.000,1969-12-31,16:00:00,0.000
456,7511903.773,4692380.307,0.000,,0.000,1969-12-31,16:00:00,0.000
457,7511903.510,4692380.846,0.000,,0.000,1969-12-31,16:00:00,0.000
458,7511901.681,4692386.409,0.000,,0.000,1969-12-31,16:00:00,0.000
459,7511901.945,4692385.870,0.000,,0.000,1969-12-31,16:00:00,0.000
460,7511901.226,4692385.518,0.000,,0.000,1969-12-31,16:00:00,0.000
461,7511900.963,4692386.057,0.000,,0.000,1969-12-31,16:00:00,0.000
462,7511899.223,4692391.440,0.000,,0.000,1969-12-31,16:00:00,0.000
463,7511899.486,4692390.901,0.000,,0.000,1969-12-31,16:00:00,0.000
464,7511898.767,4692390.550,0.000,,0.000,1969-12-31,16:00:00,0.000
465,7511898.504,4692391.089,0.000,,0.000,1969-12-31,16:00:00,0.000
466,7511897.767,4692383.828,0.000,,0.000,1969-12-31,16:00:00,0.000
467,7511897.408,4692383.652,0.000,,0.000,1969-12-31,16:00:00,0.000
468,7511896.530,4692385.449,0.000,,0.000,1969-12-31,16:00:00,0.000
469,7511896.889,4692385.625,0.000,,0.000,1969-12-31,16:00:00,0.000
470,7511900.929,4692377.358,0.000,,0.000,1969-12-31,16:00:00,0.000
471,7511900.570,4692377.183,0.000,,0.000,1969-12-31,16:00:00,0.000
472,7511899.691,4692378.980,0.000,,0.000,1969-12-31,16:00:00,0.000
473,7511900.051,4692379.155,0.000,,0.000,1969-12-31,16:00:00,0.000
474,7511903.029,4692372.151,0.000,,0.000,1969-12-31,16:00:00,0.000
475,7511902.853,4692372.511,0.000,,0.000,1969-12-31,16:00:00,0.000
476,7511903.212,4692372.686,0.000,,0.000,1969-12-31,16:00:00,0.000
477,7511903.706,4692372.928,0.000,,0.000,1969-12-31,16:00:00,0.000
478,7511903.882,4692372.569,0.000,,0.000,1969-12-31,16:00:00,0.000
479,7511902.063,4692374.128,0.000,,0.000,1969-12-31,16:00:00,0.000
480,7511902.422,4692374.304,0.000,,0.000,1969-12-31,16:00:00,0.000
481,7511895.539,4692389.640,0.000,,0.000,1969-12-31,16:00:00,0.000
482,7511895.715,4692389.280,0.000,,0.000,1969-12-31,16:00:00,0.000
483,7511895.220,4692389.039,0.000,,0.000,1969-12-31,16:00:00,0.000
484,7511894.861,4692388.863,0.000,,0.000,1969-12-31,16:00:00,0.000
485,7511894.685,4692389.223,0.000,,0.000,1969-12-31,16:00:00,0.000
486,7511896.011,4692387.422,0.000,,0.000,1969-12-31,16:00:00,0.000
487,7511895.651,4692387.246,0.000,,0.000,1969-12-31,16:00:00,0.000
488,7511924.893,4692391.296,0.000,,0.000,1969-12-31,16:00:00,0.000
489,7511925.117,4692391.406,0.000,,0.000,1969-12-31,16:00:00,0.000
490,7511928.454,4692384.578,0.000,,0.000,1969-12-31,16:00:00,0.000
491,7511928.230,4692384.468,0.000,,0.000,1969-12-31,16:00:00,0.000
492,7511921.883,4692389.825,0.000,,0.000,1969-12-31,16:00:00,0.000
493,7511922.108,4692389.935,0.000,,0.000,1969-12-31,16:00:00,0.000
494,7511925.445,4692383.107,0.000,,0.000,1969-12-31,16:00:00,0.000
495,7511925.220,4692382.997,0.000,,0.000,1969-12-31,16:00:00,0.000
496,7511886.934,4692380.203,0.000,,0.000,1969-12-31,16:00:00,0.000
497,7511887.293,4692380.378,0.000,,0.000,1969-12-31,16:00:00,0.000
498,7511887.952,4692379.031,0.000,,0.000,1969-12-31,16:00:00,0.000
499,7511887.592,4692378.855,0.000,,0.000,1969-12-31,16:00:00,0.000
500,7511896.035,4692385.208,0.000,,0.000,1969-12-31,16:00:00,0.000
501,7511896.395,4692385.383,0.000,,0.000,1969-12-31,16:00:00,0.000
502,7511897.273,4692383.586,0.000,,0.000,1969-12-31,16:00:00,0.000
503,7511896.914,4692383.411,0.000,,0.000,1969-12-31,16:00:00,0.000
504,7511899.197,4692378.738,0.000,,0.000,1969-12-31,16:00:00,0.000
505,7511899.557,4692378.914,0.000,,0.000,1969-12-31,16:00:00,0.000
506,7511900.435,4692377.117,0.000,,0.000,1969-12-31,16:00:00,0.000
507,7511900.076,4692376.941,0.000,,0.000,1969-12-31,16:00:00,0.000
508,7511902.040,4692371.668,0.000,,0.000,1969-12-31,16:00:00,0.000
509,7511901.865,4692372.028,0.000,,0.000,1969-12-31,16:00:00,0.000
510,7511902.359,4692372.269,0.000,,0.000,1969-12-31,16:00:00,0.000
511,7511902.718,4692372.445,0.000,,0.000,1969-12-31,16:00:00,0.000
512,7511902.894,4692372.086,0.000,,0.000,1969-12-31,16:00:00,0.000
513,7511901.568,4692373.886,0.000,,0.000,1969-12-31,16:00:00,0.000
514,7511901.928,4692374.062,0.000,,0.000,1969-12-31,16:00:00,0.000
515,7511895.517,4692387.180,0.000,,0.000,1969-12-31,16:00:00,0.000
516,7511895.157,4692387.004,0.000,,0.000,1969-12-31,16:00:00,0.000
517,7511898.812,4692370.758,0.000,,0.000,1969-12-31,16:00:00,0.000
518,7511899.075,4692370.219,0.000,,0.000,1969-12-31,16:00:00,0.000
519,7511898.357,4692369.868,0.000,,0.000,1969-12-31,16:00:00,0.000
520,7511898.093,4692370.407,0.000,,0.000,1969-12-31,16:00:00,0.000
521,7511893.191,4692382.259,0.000,,0.000,1969-12-31,16:00:00,0.000
522,7511893.455,4692381.720,0.000,,0.000,1969-12-31,16:00:00,0.000
523,7511892.736,4692381.369,0.000,,0.000,1969-12-31,16:00:00,0.000
524,7511892.472,4692381.908,0.000,,0.000,1969-12-31,16:00:00,0.000
525,7511890.732,4692387.291,0.000,,0.000,1969-12-31,16:00:00,0.000
526,7511890.996,4692386.752,0.000,,0.000,1969-12-31,16:00:00,0.000
527,7511890.277,4692386.400,0.000,,0.000,1969-12-31,16:00:00,0.000
528,7511890.014,4692386.939,0.000,,0.000,1969-12-31,16:00:00,0.000
529,7511884.870,4692384.425,0.000,,0.000,1969-12-31,16:00:00,0.000
530,7511885.229,4692384.601,0.000,,0.000,1969-12-31,16:00:00,0.000
531,7511885.932,4692383.164,0.000,,0.000,1969-12-31,16:00:00,0.000
532,7511885.573,4692382.988,0.000,,0.000,1969-12-31,16:00:00,0.000
533,7511879.179,4692360.941,0.000,,0.000,1969-12-31,16:00:00,0.000
534,7511879.355,4692360.581,0.000,,0.000,1969-12-31,16:00:00,0.000
535,7511877.558,4692359.703,0.000,,0.000,1969-12-31,16:00:00,0.000
536,7511877.382,4692360.063,0.000,,0.000,1969-12-31,16:00:00,0.000
537,7511872.085,4692372.723,0.000,,0.000,1969-12-31,16:00:00,0.000
538,7511872.444,4692372.899,0.000,,0.000,1969-12-31,16:00:00,0.000
539,7511873.322,4692371.102,0.000,,0.000,1969-12-31,16:00:00,0.000
540,7511872.963,4692370.926,0.000,,0.000,1969-12-31,16:00:00,0.000
541,7511875.882,4692367.232,0.000,,0.000,1969-12-31,16:00:00,0.000
542,7511876.057,4692366.872,0.000,,0.000,1969-12-31,16:00:00,0.000
543,7511874.620,4692366.170,0.000,,0.000,1969-12-31,16:00:00,0.000
544,7511874.444,4692366.529,0.000,,0.000,1969-12-31,16:00:00,0.000
545,7511885.361,4692371.976,0.000,,0.000,1969-12-31,16:00:00,0.000
546,7511885.586,4692372.086,0.000,,0.000,1969-12-31,16:00:00,0.000
547,7511886.552,4692370.109,0.000,,0.000,1969-12-31,16:00:00,0.000
548,7511886.662,4692369.885,0.000,,0.000,1969-12-31,16:00:00,0.000
549,7511886.437,4692369.775,0.000,,0.000,1969-12-31,16:00:00,0.000
550,7511887.900,4692370.768,0.000,,0.000,1969-12-31,16:00:00,0.000
551,7511888.009,4692370.543,0.000,,0.000,1969-12-31,16:00:00,0.000
552,7511893.057,4692372.286,0.000,,0.000,1969-12-31,16:00:00,0.000
553,7511893.166,4692372.062,0.000,,0.000,1969-12-31,16:00:00,0.000
554,7511891.639,4692371.315,0.000,,0.000,1969-12-31,16:00:00,0.000
555,7511891.529,4692371.540,0.000,,0.000,1969-12-31,16:00:00,0.000
556,7511891.695,4692375.072,0.000,,0.000,1969-12-31,16:00:00,0.000
557,7511891.920,4692375.181,0.000,,0.000,1969-12-31,16:00:00,0.000
558,7511893.391,4692372.172,0.000,,0.000,1969-12-31,16:00:00,0.000
559,7511889.943,4692374.215,0.000,,0.000,1969-12-31,16:00:00,0.000
560,7511890.168,4692374.325,0.000,,0.000,1969-12-31,16:00:00,0.000
561,7511893.505,4692367.497,0.000,,0.000,1969-12-31,16:00:00,0.000
562,7511893.280,4692367.387,0.000,,0.000,1969-12-31,16:00:00,0.000
563,7511886.934,4692372.744,0.000,,0.000,1969-12-31,16:00:00,0.000
564,7511887.158,4692372.854,0.000,,0.000,1969-12-31,16:00:00,0.000
565,7511890.495,4692366.026,0.000,,0.000,1969-12-31,16:00:00,0.000
566,7511890.271,4692365.916,0.000,,0.000,1969-12-31,16:00:00,0.000
567,7511874.291,4692379.255,0.000,,0.000,1969-12-31,16:00:00,0.000
568,7511874.554,4692378.716,0.000,,0.000,1969-12-31,16:00:00,0.000
569,7511873.836,4692378.365,0.000,,0.000,1969-12-31,16:00:00,0.000
570,7511873.572,4692378.904,0.000,,0.000,1969-12-31,16:00:00,0.000
571,7511870.787,4692377.543,0.000,,0.000,1969-12-31,16:00:00,0.000
572,7511870.963,4692377.183,0.000,,0.000,1969-12-31,16:00:00,0.000
573,7511870.468,4692376.942,0.000,,0.000,1969-12-31,16:00:00,0.000
574,7511870.109,4692376.766,0.000,,0.000,1969-12-31,16:00:00,0.000
575,7511869.933,4692377.126,0.000,,0.000,1969-12-31,16:00:00,0.000
576,7511871.259,4692375.325,0.000,,0.000,1969-12-31,16:00:00,0.000
577,7511870.899,4692375.149,0.000,,0.000,1969-12-31,16:00:00,0.000
578,7511874.792,4692362.971,0.000,,0.000,1969-12-31,16:00:00,0.000
579,7511873.387,4692365.846,0.000,,0.000,1969-12-31,16:00:00,0.000
580,7511872.026,4692368.631,0.000,,0.000,1969-12-31,16:00:00,0.000
581,7511872.610,4692368.916,0.000,,0.000,1969-12-31,16:00:00,0.000
582,7511872.790,4692369.004,0.000,,0.000,1969-12-31,16:00:00,0.000
583,7511873.688,4692369.443,0.000,,0.000,1969-12-31,16:00:00,0.000
584,7511872.480,4692371.914,0.000,,0.000,1969-12-31,16:00:00,0.000
589,7511884.027,4692362.865,0.000,,0.000,1969-12-31,16:00:00,0.000
590,7511876.614,4692359.242,0.000,,0.000,1969-12-31,16:00:00,0.000
593,7511942.937,4692394.344,0.000,,0.000,1969-12-31,16:00:00,0.000
594,7511944.476,4692392.423,0.000,,0.000,1969-12-31,16:00:00,0.000
595,7511944.086,4692392.110,0.000,,0.000,1969-12-31,16:00:00,0.000
597,7511936.023,4692372.584,0.000,,0.000,1969-12-31,16:00:00,0.000
598,7511926.990,4692383.862,0.000,,0.000,1969-12-31,16:00:00,0.000
604,7511888.233,4692363.140,0.000,,0.000,1969-12-31,16:00:00,0.000
605,7511884.734,4692361.429,0.000,,0.000,1969-12-31,16:00:00,0.000
606,7511874.523,4692362.839,0.000,,0.000,1969-12-31,16:00:00,0.000
607,7511873.117,4692365.714,0.000,,0.000,1969-12-31,16:00:00,0.000
610,7511936.343,4692411.251,0.000,,0.000,1969-12-31,16:00:00,0.000
611,7511943.647,4692396.307,0.000,,0.000,1969-12-31,16:00:00,0.000
612,7511943.037,4692395.819,0.000,,0.000,1969-12-31,16:00:00,0.000
613,7511951.633,4692385.087,0.000,,0.000,1969-12-31,16:00:00,0.000
614,7511916.218,4692401.416,0.000,,0.000,1969-12-31,16:00:00,0.000
615,7511894.027,4692390.570,0.000,,0.000,1969-12-31,16:00:00,0.000
616,7511916.084,4692401.350,0.000,,0.000,1969-12-31,16:00:00,0.000
617,7511925.744,4692381.583,0.000,,0.000,1969-12-31,16:00:00,0.000
618,7511903.687,4692370.804,0.000,,0.000,1969-12-31,16:00:00,0.000
619,7511868.376,4692378.034,0.000,,0.000,1969-12-31,16:00:00,0.000
620,7511893.892,4692390.504,0.000,,0.000,1969-12-31,16:00:00,0.000
621,7511905.506,4692366.740,0.000,,0.000,1969-12-31,16:00:00,0.000
622,7511886.122,4692357.267,0.000,,0.000,1969-12-31,16:00:00,0.000
623,7511882.821,4692360.606,0.000,,0.000,1969-12-31,16:00:00,0.000
624,7511877.273,4692357.894,0.000,,0.000,1969-12-31,16:00:00,0.000
625,7511871.403,4692371.387,0.000,,0.000,1969-12-31,16:00:00,0.000
626,7511941.553,4692395.271,0.000,,0.000,1969-12-31,16:00:00,0.000
629,7511920.908,4692380.889,0.000,,0.000,1969-12-31,16:00:00,0.000
628,7511921.610,4692379.452,0.000,,0.000,1969-12-31,16:00:00,0.000
627,7511925.788,4692381.494,0.000,,0.000,1969-12-31,16:00:00,0.000
630,7511884.116,4692357.956,0.000,,0.000,1969-12-31,16:00:00,0.000
631,7511953.194,4692386.337,0.000,,0.000,1969-12-31,16:00:00,0.000
632,7511945.848,4692395.508,0.000,,0.000,1969-12-31,16:00:00,0.000
633,7511946.147,4692395.747,0.000,,0.000,1969-12-31,16:00:00,0.000
634,7511937.262,4692413.927,0.000,,0.000,1969-12-31,16:00:00,0.000
635,7511915.205,4692403.147,0.000,,0.000,1969-12-31,16:00:00,0.000
636,7511893.014,4692392.301,0.000,,0.000,1969-12-31,16:00:00,0.000
637,7511865.701,4692378.953,0.000,,0.000,1969-12-31,16:00:00,0.000
638,7511868.907,4692372.393,0.000,,0.000,1969-12-31,16:00:00,0.000
639,7511868.728,4692372.306,0.000,,0.000,1969-12-31,16:00:00,0.000
640,7511869.935,4692369.835,0.000,,0.000,1969-12-31,16:00:00,0.000
641,7511869.351,4692369.550,0.000,,0.000,1969-12-31,16:00:00,0.000
642,7511870.712,4692366.764,0.000,,0.000,1969-12-31,16:00:00,0.000
643,7511870.442,4692366.633,0.000,,0.000,1969-12-31,16:00:00,0.000
644,7511873.604,4692360.164,0.000,,0.000,1969-12-31,16:00:00,0.000
645,7511873.873,4692360.296,0.000,,0.000,1969-12-31,16:00:00,0.000
646,7511876.354,4692355.219,0.000,,0.000,1969-12-31,16:00:00,0.000
647,7511881.902,4692357.931,0.000,,0.000,1969-12-31,16:00:00,0.000
648,7511882.319,4692357.078,0.000,,0.000,1969-12-31,16:00:00,0.000
649,7511887.000,4692355.470,0.000,,0.000,1969-12-31,16:00:00,0.000
650,7511908.181,4692365.822,0.000,,0.000,1969-12-31,16:00:00,0.000
651,7511906.227,4692369.819,0.000,,0.000,1969-12-31,16:00:00,0.000
652,7511925.623,4692379.295,0.000,,0.000,1969-12-31,16:00:00,0.000
653,7511932.962,4692370.132,0.000,,0.000,1969-12-31,16:00:00,0.000
1,7511972.942,4692356.159,0.000,,0.000,1969-12-31,16:00:00,0.000
2,7511972.591,4692356.198,0.000,,0.000,1969-12-31,16:00:00,0.000
3,7511956.814,4692343.526,0.000,,0.000,1969-12-31,16:00:00,0.000
4,7511956.970,4692343.331,0.000,,0.000,1969-12-31,16:00:00,0.000
5,7511954.192,4692346.791,0.000,,0.000,1969-12-31,16:00:00,0.000
6,7511954.504,4692347.041,0.000,,0.000,1969-12-31,16:00:00,0.000
7,7511953.752,4692347.977,0.000,,0.000,1969-12-31,16:00:00,0.000
8,7511953.440,4692347.726,0.000,,0.000,1969-12-31,16:00:00,0.000
9,7511959.436,4692352.034,0.000,,0.000,1969-12-31,16:00:00,0.000
10,7511959.937,4692351.411,0.000,,0.000,1969-12-31,16:00:00,0.000
11,7511960.405,4692351.786,0.000,,0.000,1969-12-31,16:00:00,0.000
12,7511959.904,4692352.410,0.000,,0.000,1969-12-31,16:00:00,0.000
13,7511964.651,4692356.223,0.000,,0.000,1969-12-31,16:00:00,0.000
14,7511965.152,4692355.600,0.000,,0.000,1969-12-31,16:00:00,0.000
15,7511965.620,4692355.975,0.000,,0.000,1969-12-31,16:00:00,0.000
16,7511965.119,4692356.599,0.000,,0.000,1969-12-31,16:00:00,0.000
17,7511969.192,4692359.870,0.000,,0.000,1969-12-31,16:00:00,0.000
18,7511969.693,4692359.247,0.000,,0.000,1969-12-31,16:00:00,0.000
19,7511970.161,4692359.622,0.000,,0.000,1969-12-31,16:00:00,0.000
20,7511969.660,4692360.246,0.000,,0.000,1969-12-31,16:00:00,0.000
21,7511966.030,4692364.765,0.000,,0.000,1969-12-31,16:00:00,0.000
22,7511965.780,4692365.077,0.000,,0.000,1969-12-31,16:00:00,0.000
23,7511964.844,4692364.326,0.000,,0.000,1969-12-31,16:00:00,0.000
24,7511965.095,4692364.014,0.000,,0.000,1969-12-31,16:00:00,0.000
25,7511961.879,4692361.432,0.000,,0.000,1969-12-31,16:00:00,0.000
26,7511961.629,4692361.743,0.000,,0.000,1969-12-31,16:00:00,0.000
27,7511960.693,4692360.992,0.000,,0.000,1969-12-31,16:00:00,0.000
28,7511960.944,4692360.680,0.000,,0.000,1969-12-31,16:00:00,0.000
29,7511956.555,4692356.899,0.000,,0.000,1969-12-31,16:00:00,0.000
30,7511956.179,4692357.366,0.000,,0.000,1969-12-31,16:00:00,0.000
31,7511955.555,4692356.866,0.000,,0.000,1969-12-31,16:00:00,0.000
32,7511955.931,4692356.398,0.000,,0.000,1969-12-31,16:00:00,0.000
33,7511950.776,4692352.001,0.000,,0.000,1969-12-31,16:00:00,0.000
34,7511950.309,4692351.625,0.000,,0.000,1969-12-31,16:00:00,0.000
35,7511949.808,4692352.249,0.000,,0.000,1969-12-31,16:00:00,0.000
36,7511950.276,4692352.625,0.000,,0.000,1969-12-31,16:00:00,0.000
37,7511948.395,4692354.008,0.000,,0.000,1969-12-31,16:00:00,0.000
38,7511949.217,4692354.669,0.000,,0.000,1969-12-31,16:00:00,0.000
39,7511949.061,4692354.864,0.000,,0.000,1969-12-31,16:00:00,0.000
40,7511948.433,4692354.360,0.000,,0.000,1969-12-31,16:00:00,0.000
41,7511944.070,4692359.793,0.000,,0.000,1969-12-31,16:00:00,0.000
42,7511943.717,4692359.831,0.000,,0.000,1969-12-31,16:00:00,0.000
43,7511945.644,4692361.378,0.000,,0.000,1969-12-31,16:00:00,0.000
44,7511945.839,4692361.534,0.000,,0.000,1969-12-31,16:00:00,0.000
45,7511946.447,4692362.023,0.000,,0.000,1969-12-31,16:00:00,0.000
46,7511946.403,4692361.667,0.000,,0.000,1969-12-31,16:00:00,0.000
47,7511950.772,4692356.238,0.000,,0.000,1969-12-31,16:00:00,0.000
48,7511950.230,4692355.803,0.000,,0.000,1969-12-31,16:00:00,0.000
49,7511950.387,4692355.608,0.000,,0.000,1969-12-31,16:00:00,0.000
50,7511951.124,4692356.200,0.000,,0.000,1969-12-31,16:00:00,0.000
51,7511949.339,4692358.422,0.000,,0.000,1969-12-31,16:00:00,0.000
52,7511950.742,4692359.549,0.000,,0.000,1969-12-31,16:00:00,0.000
53,7511952.527,4692357.327,0.000,,0.000,1969-12-31,16:00:00,0.000
54,7511952.722,4692357.484,0.000,,0.000,1969-12-31,16:00:00,0.000
55,7511950.937,4692359.706,0.000,,0.000,1969-12-31,16:00:00,0.000
56,7511952.341,4692360.833,0.000,,0.000,1969-12-31,16:00:00,0.000
57,7511954.125,4692358.611,0.000,,0.000,1969-12-31,16:00:00,0.000
58,7511954.320,4692358.768,0.000,,0.000,1969-12-31,16:00:00,0.000
59,7511952.379,4692361.184,0.000,,0.000,1969-12-31,16:00:00,0.000
60,7511949.182,4692358.617,0.000,,0.000,1969-12-31,16:00:00,0.000
61,7511951.493,4692361.923,0.000,,0.000,1969-12-31,16:00:00,0.000
62,7511950.992,4692362.547,0.000,,0.000,1969-12-31,16:00:00,0.000
63,7511951.460,4692362.923,0.000,,0.000,1969-12-31,16:00:00,0.000
64,7511951.961,4692362.299,0.000,,0.000,1969-12-31,16:00:00,0.000
65,7511956.506,4692366.206,0.000,,0.000,1969-12-31,16:00:00,0.000
66,7511956.130,4692366.673,0.000,,0.000,1969-12-31,16:00:00,0.000
67,7511956.754,4692367.174,0.000,,0.000,1969-12-31,16:00:00,0.000
68,7511957.130,4692366.707,0.000,,0.000,1969-12-31,16:00:00,0.000
69,7511960.969,4692369.790,0.000,,0.000,1969-12-31,16:00:00,0.000
70,7511961.592,4692370.291,0.000,,0.000,1969-12-31,16:00:00,0.000
71,7511961.217,4692370.759,0.000,,0.000,1969-12-31,16:00:00,0.000
72,7511960.593,4692370.258,0.000,,0.000,1969-12-31,16:00:00,0.000
73,7511958.374,4692373.339,0.000,,0.000,1969-12-31,16:00:00,0.000
74,7511958.842,4692373.715,0.000,,0.000,1969-12-31,16:00:00,0.000
75,7511958.341,4692374.339,0.000,,0.000,1969-12-31,16:00:00,0.000
76,7511957.873,4692373.963,0.000,,0.000,1969-12-31,16:00:00,0.000
77,7511954.004,4692370.599,0.000,,0.000,1969-12-31,16:00:00,0.000
78,7511954.379,4692370.131,0.000,,0.000,1969-12-31,16:00:00,0.000
79,7511953.756,4692369.630,0.000,,0.000,1969-12-31,16:00:00,0.000
80,7511953.380,4692370.098,0.000,,0.000,1969-12-31,16:00:00,0.000
81,7511949.069,4692366.379,0.000,,0.000,1969-12-31,16:00:00,0.000
82,7511949.320,4692366.067,0.000,,0.000,1969-12-31,16:00:00,0.000
83,7511948.384,4692365.315,0.000,,0.000,1969-12-31,16:00:00,0.000
84,7511948.133,4692365.627,0.000,,0.000,1969-12-31,16:00:00,0.000
85,7511945.386,4692363.933,0.000,,0.000,1969-12-31,16:00:00,0.000
86,7511945.887,4692363.310,0.000,,0.000,1969-12-31,16:00:00,0.000
87,7511945.419,4692362.934,0.000,,0.000,1969-12-31,16:00:00,0.000
88,7511944.918,4692363.558,0.000,,0.000,1969-12-31,16:00:00,0.000
89,7511941.826,4692367.408,0.000,,0.000,1969-12-31,16:00:00,0.000
90,7511941.325,4692368.031,0.000,,0.000,1969-12-31,16:00:00,0.000
91,7511941.792,4692368.407,0.000,,0.000,1969-12-31,16:00:00,0.000
92,7511942.293,4692367.783,0.000,,0.000,1969-12-31,16:00:00,0.000
93,7511945.025,4692369.977,0.000,,0.000,1969-12-31,16:00:00,0.000
94,7511944.524,4692370.601,0.000,,0.000,1969-12-31,16:00:00,0.000
95,7511944.992,4692370.977,0.000,,0.000,1969-12-31,16:00:00,0.000
96,7511945.493,4692370.353,0.000,,0.000,1969-12-31,16:00:00,0.000
97,7511950.240,4692374.166,0.000,,0.000,1969-12-31,16:00:00,0.000
98,7511949.740,4692374.790,0.000,,0.000,1969-12-31,16:00:00,0.000
99,7511950.207,4692375.166,0.000,,0.000,1969-12-31,16:00:00,0.000
100,7511950.708,4692374.542,0.000,,0.000,1969-12-31,16:00:00,0.000
101,7511954.781,4692377.813,0.000,,0.000,1969-12-31,16:00:00,0.000
102,7511955.249,4692378.189,0.000,,0.000,1969-12-31,16:00:00,0.000
103,7511954.748,4692378.813,0.000,,0.000,1969-12-31,16:00:00,0.000
104,7511954.280,4692378.437,0.000,,0.000,1969-12-31,16:00:00,0.000
105,7511950.583,4692383.041,0.000,,0.000,1969-12-31,16:00:00,0.000
106,7511951.050,4692383.416,0.000,,0.000,1969-12-31,16:00:00,0.000
107,7511950.549,4692384.040,0.000,,0.000,1969-12-31,16:00:00,0.000
108,7511950.082,4692383.664,0.000,,0.000,1969-12-31,16:00:00,0.000
109,7511946.555,4692380.831,0.000,,0.000,1969-12-31,16:00:00,0.000
110,7511946.805,4692380.520,0.000,,0.000,1969-12-31,16:00:00,0.000
111,7511945.246,4692379.267,0.000,,0.000,1969-12-31,16:00:00,0.000
112,7511944.995,4692379.579,0.000,,0.000,1969-12-31,16:00:00,0.000
113,7511941.339,4692376.642,0.000,,0.000,1969-12-31,16:00:00,0.000
114,7511941.589,4692376.330,0.000,,0.000,1969-12-31,16:00:00,0.000
115,7511940.030,4692375.078,0.000,,0.000,1969-12-31,16:00:00,0.000
116,7511939.779,4692375.390,0.000,,0.000,1969-12-31,16:00:00,0.000
117,7511937.594,4692373.635,0.000,,0.000,1969-12-31,16:00:00,0.000
118,7511938.095,4692373.011,0.000,,0.000,1969-12-31,16:00:00,0.000
119,7511937.627,4692372.635,0.000,,0.000,1969-12-31,16:00:00,0.000
120,7511937.126,4692373.259,0.000,,0.000,1969-12-31,16:00:00,0.000
121,7511936.503,4692372.758,0.000,,0.000,1969-12-31,16:00:00,0.000
122,7511936.855,4692372.720,0.000,,0.000,1969-12-31,16:00:00,0.000
Shputa1,7511943.436,4692360.182,0.000,,0.000,1969-12-31,16:00:00,0.000
Shputa2,7511945.206,4692361.603,0.000,,0.000,1969-12-31,16:00:00,0.000
Shputa3,7511936.347,4692372.633,0.000,,0.000,1969-12-31,16:00:00,0.000
BASKIA1,7511983.353,4692363.544,620.629,,620.629,1969-12-31,16:00:00,0.000
P2,7511948.208,4692424.854,620.851,,620.851,1969-12-31,16:00:00,0.000
BASKIA3,7511948.198,4692424.872,620.842,,620.842,1969-12-31,16:00:00,0.000
BASKIA2,7511941.762,4692424.469,620.702,,620.702,1969-12-31,16:00:00,0.000
-2B-S1,7511955.303,4692355.404,613.819,,613.819,1969-12-31,16:00:00,0.000
-2B-S2,7511933.488,4692340.768,613.821,,613.821,1969-12-31,16:00:00,0.000
-2B-S3,7511949.953,4692353.668,615.274,,615.274,1969-12-31,16:00:00,0.000
124,7511956.894,4692343.270,0.000,,0.000,1969-12-31,16:00:00,0.000
125,7511956.737,4692343.465,0.000,,0.000,1969-12-31,16:00:00,0.000
126,7511940.719,4692330.599,0.000,,0.000,1969-12-31,16:00:00,0.000
127,7511940.875,4692330.404,0.000,,0.000,1969-12-31,16:00:00,0.000
128,7511954.116,4692346.729,0.000,,0.000,1969-12-31,16:00:00,0.000
129,7511953.804,4692346.479,0.000,,0.000,1969-12-31,16:00:00,0.000
130,7511953.052,4692347.414,0.000,,0.000,1969-12-31,16:00:00,0.000
131,7511953.364,4692347.665,0.000,,0.000,1969-12-31,16:00:00,0.000
132,7511950.232,4692351.564,0.000,,0.000,1969-12-31,16:00:00,0.000
133,7511949.765,4692351.188,0.000,,0.000,1969-12-31,16:00:00,0.000
134,7511949.264,4692351.812,0.000,,0.000,1969-12-31,16:00:00,0.000
135,7511949.731,4692352.188,0.000,,0.000,1969-12-31,16:00:00,0.000
136,7511947.363,4692355.136,0.000,,0.000,1969-12-31,16:00:00,0.000
137,7511947.052,4692354.886,0.000,,0.000,1969-12-31,16:00:00,0.000
138,7511946.300,4692355.821,0.000,,0.000,1969-12-31,16:00:00,0.000
139,7511946.612,4692356.072,0.000,,0.000,1969-12-31,16:00:00,0.000
140,7511944.841,4692358.277,0.000,,0.000,1969-12-31,16:00:00,0.000
141,7511944.529,4692358.027,0.000,,0.000,1969-12-31,16:00:00,0.000
142,7511943.777,4692358.962,0.000,,0.000,1969-12-31,16:00:00,0.000
143,7511944.089,4692359.213,0.000,,0.000,1969-12-31,16:00:00,0.000
144,7511938.727,4692354.906,0.000,,0.000,1969-12-31,16:00:00,0.000
145,7511938.260,4692354.531,0.000,,0.000,1969-12-31,16:00:00,0.000
146,7511938.760,4692353.907,0.000,,0.000,1969-12-31,16:00:00,0.000
147,7511939.228,4692354.283,0.000,,0.000,1969-12-31,16:00:00,0.000
148,7511941.375,4692351.609,0.000,,0.000,1969-12-31,16:00:00,0.000
149,7511940.908,4692351.234,0.000,,0.000,1969-12-31,16:00:00,0.000
150,7511941.409,4692350.610,0.000,,0.000,1969-12-31,16:00:00,0.000
151,7511941.876,4692350.986,0.000,,0.000,1969-12-31,16:00:00,0.000
152,7511944.370,4692347.881,0.000,,0.000,1969-12-31,16:00:00,0.000
153,7511943.902,4692347.506,0.000,,0.000,1969-12-31,16:00:00,0.000
154,7511944.403,4692346.882,0.000,,0.000,1969-12-31,16:00:00,0.000
155,7511944.871,4692347.258,0.000,,0.000,1969-12-31,16:00:00,0.000
156,7511948.253,4692343.046,0.000,,0.000,1969-12-31,16:00:00,0.000
157,7511948.754,4692342.423,0.000,,0.000,1969-12-31,16:00:00,0.000
158,7511948.286,4692342.047,0.000,,0.000,1969-12-31,16:00:00,0.000
159,7511947.785,4692342.671,0.000,,0.000,1969-12-31,16:00:00,0.000
160,7511943.255,4692339.032,0.000,,0.000,1969-12-31,16:00:00,0.000
161,7511943.756,4692338.409,0.000,,0.000,1969-12-31,16:00:00,0.000
162,7511943.288,4692338.033,0.000,,0.000,1969-12-31,16:00:00,0.000
163,7511942.787,4692338.657,0.000,,0.000,1969-12-31,16:00:00,0.000
164,7511939.405,4692342.868,0.000,,0.000,1969-12-31,16:00:00,0.000
165,7511939.873,4692343.244,0.000,,0.000,1969-12-31,16:00:00,0.000
166,7511939.372,4692343.867,0.000,,0.000,1969-12-31,16:00:00,0.000
167,7511938.904,4692343.492,0.000,,0.000,1969-12-31,16:00:00,0.000
168,7511936.130,4692346.627,0.000,,0.000,1969-12-31,16:00:00,0.000
169,7511936.753,4692347.128,0.000,,0.000,1969-12-31,16:00:00,0.000
170,7511936.378,4692347.595,0.000,,0.000,1969-12-31,16:00:00,0.000
171,7511935.754,4692347.094,0.000,,0.000,1969-12-31,16:00:00,0.000
172,7511933.482,4692349.924,0.000,,0.000,1969-12-31,16:00:00,0.000
173,7511934.105,4692350.425,0.000,,0.000,1969-12-31,16:00:00,0.000
174,7511933.730,4692350.892,0.000,,0.000,1969-12-31,16:00:00,0.000
175,7511933.106,4692350.391,0.000,,0.000,1969-12-31,16:00:00,0.000
176,7511929.145,4692347.210,0.000,,0.000,1969-12-31,16:00:00,0.000
177,7511928.521,4692346.709,0.000,,0.000,1969-12-31,16:00:00,0.000
178,7511928.897,4692346.242,0.000,,0.000,1969-12-31,16:00:00,0.000
179,7511929.521,4692346.743,0.000,,0.000,1969-12-31,16:00:00,0.000
180,7511931.731,4692343.991,0.000,,0.000,1969-12-31,16:00:00,0.000
181,7511931.107,4692343.490,0.000,,0.000,1969-12-31,16:00:00,0.000
182,7511931.483,4692343.022,0.000,,0.000,1969-12-31,16:00:00,0.000
183,7511932.106,4692343.523,0.000,,0.000,1969-12-31,16:00:00,0.000
184,7511934.632,4692340.060,0.000,,0.000,1969-12-31,16:00:00,0.000
185,7511934.164,4692339.684,0.000,,0.000,1969-12-31,16:00:00,0.000
186,7511934.665,4692339.061,0.000,,0.000,1969-12-31,16:00:00,0.000
187,7511935.132,4692339.436,0.000,,0.000,1969-12-31,16:00:00,0.000
188,7511938.515,4692335.225,0.000,,0.000,1969-12-31,16:00:00,0.000
189,7511938.047,4692334.849,0.000,,0.000,1969-12-31,16:00:00,0.000
190,7511938.548,4692334.226,0.000,,0.000,1969-12-31,16:00:00,0.000
191,7511939.016,4692334.601,0.000,,0.000,1969-12-31,16:00:00,0.000
192,7511937.819,4692327.949,0.000,,0.000,1969-12-31,16:00:00,0.000
193,7511937.624,4692327.793,0.000,,0.000,1969-12-31,16:00:00,0.000
194,7511934.845,4692331.251,0.000,,0.000,1969-12-31,16:00:00,0.000
195,7511935.156,4692331.502,0.000,,0.000,1969-12-31,16:00:00,0.000
196,7511933.904,4692333.061,0.000,,0.000,1969-12-31,16:00:00,0.000
197,7511933.592,4692332.811,0.000,,0.000,1969-12-31,16:00:00,0.000
198,7511931.055,4692335.969,0.000,,0.000,1969-12-31,16:00:00,0.000
199,7511931.367,4692336.220,0.000,,0.000,1969-12-31,16:00:00,0.000
200,7511930.428,4692337.389,0.000,,0.000,1969-12-31,16:00:00,0.000
201,7511930.116,4692337.139,0.000,,0.000,1969-12-31,16:00:00,0.000
202,7511928.124,4692339.619,0.000,,0.000,1969-12-31,16:00:00,0.000
203,7511928.436,4692339.870,0.000,,0.000,1969-12-31,16:00:00,0.000
204,7511927.496,4692341.039,0.000,,0.000,1969-12-31,16:00:00,0.000
205,7511927.184,4692340.789,0.000,,0.000,1969-12-31,16:00:00,0.000
206,7511926.071,4692342.176,0.000,,0.000,1969-12-31,16:00:00,0.000
207,7511926.382,4692342.426,0.000,,0.000,1969-12-31,16:00:00,0.000
208,7511925.130,4692343.985,0.000,,0.000,1969-12-31,16:00:00,0.000
209,7511924.818,4692343.735,0.000,,0.000,1969-12-31,16:00:00,0.000
SP1,7512340.369,4693602.125,621.742,,621.742,1969-12-31,16:00:00,0.000
SP2,7512328.728,4693547.356,621.725,,621.725,1969-12-31,16:00:00,0.000
-1B-S1,7512310.436,4693571.945,618.955,,618.955,1969-12-31,16:00:00,0.000
-1B-S2,7512310.439,4693571.944,619.156,,619.156,1969-12-31,16:00:00,0.000
-2B-P1,7511948.143,4692368.798,615.269,,615.269,1969-12-31,16:00:00,0.000
-2B-P2,7511961.033,4692355.144,615.268,,615.268,1969-12-31,16:00:00,0.000
-2B-P3,7511943.235,4692341.325,615.279,,615.279,1969-12-31,16:00:00,0.000
-2B-P4,7511951.446,4692366.292,615.259,,615.259,1969-12-31,16:00:00,0.000
-1B-P1,7511957.488,4692345.115,617.969,,617.969,1969-12-31,16:00:00,0.000
-1B-P2,7511972.097,4692356.391,617.989,,617.989,1969-12-31,16:00:00,0.000
-1B-P3,7511959.506,4692358.130,617.977,,617.977,1969-12-31,16:00:00,0.000
-1B-P4,7511950.183,4692371.004,617.988,,617.988,1969-12-31,16:00:00,0.000
-1B-P5,7511937.462,4692372.487,617.986,,617.986,1969-12-31,16:00:00,0.000
-1B-P6,7511948.775,4692381.425,617.980,,617.980,1969-12-31,16:00:00,0.000
FS1,7511959.513,4692358.129,617.972,,617.972,1969-12-31,16:00:00,0.000
FS2,7511950.180,4692371.009,617.988,,617.988,1969-12-31,16:00:00,0.000
1000,7511937.582,4692373.620,620.946,,620.946,1969-12-31,16:00:00,0.000
1001,7511950.535,4692384.022,620.931,,620.931,1969-12-31,16:00:00,0.000
ST1,7511935.198,4692324.733,617.064,,617.064,1969-12-31,16:00:00,0.000
ST2,7511932.575,4692322.577,616.864,,616.864,1969-12-31,16:00:00,0.000
XENI1,7511928.629,4692330.070,0.000,,0.000,1969-12-31,16:00:00,0.000
XENI2,7511923.533,4692321.004,0.000,,0.000,1969-12-31,16:00:00,0.000
XENI3,7511922.966,4692321.323,0.000,,0.000,1969-12-31,16:00:00,0.000
XENI4,7511921.643,4692318.969,0.000,,0.000,1969-12-31,16:00:00,0.000
XENI5,7511920.597,4692319.557,0.000,,0.000,1969-12-31,16:00:00,0.000
XENI6,7511917.707,4692314.413,0.000,,0.000,1969-12-31,16:00:00,0.000
XENI7,7511872.333,4692339.919,0.000,,0.000,1969-12-31,16:00:00,0.000
XENI8,7511881.644,4692356.483,0.000,,0.000,1969-12-31,16:00:00,0.000
XENI9,7511903.110,4692344.416,0.000,,0.000,1969-12-31,16:00:00,0.000
XENI10,7511893.799,4692327.853,0.000,,0.000,1969-12-31,16:00:00,0.000
ST3,7511911.512,4692347.098,617.028,,617.028,1969-12-31,16:00:00,0.000
LLAM-2-P-S1,7511956.090,4692342.842,617.997,,617.997,1969-12-31,16:00:00,0.000
LLAM-2-P-S2,7511938.144,4692328.419,617.988,,617.988,1969-12-31,16:00:00,0.000
BASKIA4,7511990.368,4692358.054,620.533,,620.533,1969-12-31,16:00:00,0.000
BASKIA5,7512031.399,4692339.394,620.841,,620.841,1969-12-31,16:00:00,0.000
LLAM-2-P-FS1,7511944.907,4692339.122,618.009,,618.009,1969-12-31,16:00:00,0.000
LLAM-2-P-FS2,7511945.710,4692338.480,618.015,,618.015,1969-12-31,16:00:00,0.000
LLB-K10-P1,7511954.087,4692344.861,651.182,,651.182,1969-12-31,16:00:00,0.000
LLB-K10-P2,7511936.195,4692330.507,651.160,,651.160,1969-12-31,16:00:00,0.000
LLB-K10-P3,7511936.197,4692330.508,651.168,,651.168,1969-12-31,16:00:00,0.000
LLB-K10-FS1,7511937.173,4692339.246,651.184,,651.184,1969-12-31,16:00:00,0.000
FS3,7511950.800,4692382.400,651.162,,651.162,1969-12-31,16:00:00,0.000
LL-A-K10-S1,7511945.285,4692371.979,651.156,,651.156,1969-12-31,16:00:00,0.000
LL-A-K10-S2,7511961.760,4692372.366,651.159,,651.159,1969-12-31,16:00:00,0.000
LL-A-K10-S3,7511960.030,4692349.833,651.168,,651.168,1969-12-31,16:00:00,0.000
LL-A-K10-FS2,7511955.819,4692359.572,651.165,,651.165,1969-12-31,16:00:00,0.000
FSCDE1,7511965.387,4692392.394,620.836,,620.836,1969-12-31,16:00:00,0.000
LL-CDE-L-P1,7511933.439,4692402.731,618.972,,618.972,1969-12-31,16:00:00,0.000
LL-CDE-L-P2,7511873.447,4692360.191,617.460,,617.460,1969-12-31,16:00:00,0.000
LL-CDE-L-FS1,7511904.061,4692401.532,618.238,,618.238,1969-12-31,16:00:00,0.000
LL-CDE-L-SU-1,7511925.221,4692343.950,618.035,,618.035,1969-12-31,16:00:00,0.000
LL-CDE-L-SU-2,7511925.221,4692343.950,610.235,,610.235,1969-12-31,16:00:00,0.000
LLCDE-P1,7511950.341,4692383.827,664.076,,664.076,2020-12-05,12:04:28,
LLCDE-P2,7511924.111,4692345.007,664.070,,664.070,2020-12-05,12:08:42,
LLE-B2-FS1,7511897.424,4692387.930,611.220,,611.220,2020-12-05,12:21:55,
LLD--B2-FS1,7511908.793,4692388.156,611.194,,611.194,2020-12-11,11:52:54,
LLD-B2-FS2,7511907.308,4692401.548,618.326,,618.326,2020-12-11,14:51:37,
LLCDE-NIV1,7511926.466,4692344.227,617.994,,617.994,2020-12-11,14:57:35,
LLCDE-NIV2,7511926.466,4692344.227,612.594,,612.594,1969-12-31,16:00:00,0.000
LLE-B2-FS2,7511890.022,4692384.231,612.725,,612.725,2020-12-16,12:09:57,
LLD-B2-FS4,7511908.032,4692391.019,612.710,,612.710,2020-12-21,10:11:23,
LLE-B1-FS1,7511889.396,4692382.516,615.341,,615.341,2021-02-22,14:27:10,
LLD-B1-FS1,7511910.420,4692387.318,615.299,,615.299,2021-02-25,09:51:09,
LLE-P-FS1,7511885.228,4692380.291,618.067,,618.067,2021-03-07,15:21:06,
LLD-P-FS1,7511910.056,4692387.830,618.056,,618.056,2021-03-18,09:52:10,
LLE-P-FS2,7511881.111,4692379.413,621.594,,621.594,2021-04-16,09:04:43,
LLD-K1-FS1,7511915.319,4692385.272,621.621,,621.621,2021-04-17,14:40:05,
LLC-GE-FS1,7511918.607,4692407.285,618.596,,618.596,2021-05-10,08:52:53,
LLC-NIV1,7511920.696,4692390.711,615.337,,615.337,2021-05-10,09:40:05,
LLA-NIV1,7511939.339,4692375.427,615.279,,615.279,2021-05-10,09:43:16,
LLC-NIV2,7511920.696,4692390.711,612.937,,612.937,1969-12-31,16:00:00,0.000
LLC-KON-FS1,7511924.808,4692406.178,613.779,,613.779,2021-05-18,15:30:13,
LLC-KON-FS3,7511924.526,4692404.494,613.792,,613.792,2021-05-22,09:37:51,
LLC-B2-FS1,7511924.564,4692410.778,618.939,,618.939,2021-07-14,10:42:47,
LLC-B1+FS1,7511927.668,4692404.553,618.066,,618.066,2021-08-22,17:42:23,
LLC-P-FS1,7511925.380,4692405.666,621.043,,621.043,2021-09-09,06:59:20,
LLC-K1-FS1,7511928.751,4692404.543,625.063,,625.063,2021-09-24,11:09:24,
LLC-K5-FS1,7511929.954,4692398.241,636.723,,636.723,2021-11-18,09:52:28,
LS1,7511942.375,4692437.811,620.946,,620.946,1969-12-31,16:00:00,0.000
LS2,7511938.497,4692470.865,620.803,,620.803,1969-12-31,16:00:00,0.000
LS3,7512037.887,4692521.069,624.005,,624.005,1969-12-31,16:00:00,0.000
LLC-K8-FS1,7511933.807,4692407.468,645.426,,645.426,2022-02-23,11:47:50,
LSTA1,7511942.367,4692437.791,620.942,,620.942,2022-02-23,11:49:04,
LSTA2,7511938.490,4692470.864,620.811,,620.811,2022-02-23,11:50:12,
LSTA3,7512037.911,4692521.079,624.007,,624.007,2022-02-23,11:52:40,
LLC-K8-FS2,7511896.568,4692389.453,645.435,,645.435,2022-02-23,12:11:51,
VSTA1,7511942.366,4692437.790,620.942,,620.942,2022-02-23,12:12:17,
VSTA2,7511938.492,4692470.864,620.810,,620.810,2022-02-23,12:17:05,
VSTA3,7512037.911,4692521.079,624.007,,624.007,2022-02-23,12:19:24,
BRR1,7511942.367,4692437.791,620.942,,620.942,1969-12-31,16:00:00,0.000
BRR2,7511938.491,4692470.864,620.811,,620.811,1969-12-31,16:00:00,0.000
BRR3,7512037.911,4692521.079,624.007,,624.007,1969-12-31,16:00:00,0.000
LLC-K8-FS3,7511896.575,4692389.447,645.435,,645.435,2022-02-23,12:34:42,
LLC-K8-P1,7511902.049,4692374.446,645.469,,645.469,2022-02-23,12:57:59,
LLC-K8-P2,7511904.327,4692372.829,645.474,,645.474,2022-02-23,12:58:17,
LLC-K8-P3,7511921.614,4692379.470,645.469,,645.469,2022-02-23,13:00:09,
LLD-K9-FS1,7511914.104,4692397.910,648.330,,648.330,2022-03-01,10:21:35,
LLC-K9-FS1,7511932.537,4692406.820,648.336,,648.336,2022-03-16,09:41:56,
LLC-K10-FS1,7511932.781,4692406.539,651.222,,651.222,2022-03-26,09:47:18,
LLE-K4-FS1,7511889.351,4692384.488,633.774,,633.774,2022-05-18,16:39:01,
LLE-K4-FS3,7511891.297,4692386.355,633.787,,633.787,2022-05-25,12:40:56,
LLE-K4-FS4,7511882.953,4692382.705,633.733,,633.733,2022-05-27,10:51:16,
O-1,7511917.615,4692341.281,0.000,,0.000,1969-12-31,16:00:00,0.000
O-2,7511918.154,4692341.544,0.000,,0.000,1969-12-31,16:00:00,0.000
O-3,7511917.439,4692341.640,0.000,,0.000,1969-12-31,16:00:00,0.000
O-4,7511917.978,4692341.903,0.000,,0.000,1969-12-31,16:00:00,0.000
O-5,7511921.928,4692343.388,0.000,,0.000,1969-12-31,16:00:00,0.000
O-6,7511922.467,4692343.652,0.000,,0.000,1969-12-31,16:00:00,0.000
O-7,7511924.726,4692343.747,0.000,,0.000,1969-12-31,16:00:00,0.000
O-8,7511921.752,4692343.748,0.000,,0.000,1969-12-31,16:00:00,0.000
O-9,7511925.038,4692343.998,0.000,,0.000,1969-12-31,16:00:00,0.000
O-10,7511922.291,4692344.011,0.000,,0.000,1969-12-31,16:00:00,0.000
O-11,7511924.351,4692344.215,0.000,,0.000,1969-12-31,16:00:00,0.000
O-12,7511924.663,4692344.465,0.000,,0.000,1969-12-31,16:00:00,0.000
O-13,7511915.068,4692346.492,0.000,,0.000,1969-12-31,16:00:00,0.000
O-14,7511915.607,4692346.755,0.000,,0.000,1969-12-31,16:00:00,0.000
O-15,7511914.893,4692346.851,0.000,,0.000,1969-12-31,16:00:00,0.000
O-16,7511928.608,4692346.878,0.000,,0.000,1969-12-31,16:00:00,0.000
O-17,7511915.432,4692347.114,0.000,,0.000,1969-12-31,16:00:00,0.000
O-18,7511928.358,4692347.190,0.000,,0.000,1969-12-31,16:00:00,0.000
O-19,7511929.076,4692347.253,0.000,,0.000,1969-12-31,16:00:00,0.000
O-20,7511928.826,4692347.565,0.000,,0.000,1969-12-31,16:00:00,0.000
O-21,7511919.381,4692348.599,0.000,,0.000,1969-12-31,16:00:00,0.000
O-22,7511919.920,4692348.863,0.000,,0.000,1969-12-31,16:00:00,0.000
O-23,7511919.205,4692348.959,0.000,,0.000,1969-12-31,16:00:00,0.000
O-24,7511919.744,4692349.222,0.000,,0.000,1969-12-31,16:00:00,0.000
O-25,7511933.108,4692350.504,0.000,,0.000,1969-12-31,16:00:00,0.000
O-26,7511932.857,4692350.816,0.000,,0.000,1969-12-31,16:00:00,0.000
O-27,7511933.576,4692350.879,0.000,,0.000,1969-12-31,16:00:00,0.000
O-28,7511933.326,4692351.191,0.000,,0.000,1969-12-31,16:00:00,0.000
O-29,7511925.069,4692351.338,0.000,,0.000,1969-12-31,16:00:00,0.000
O-30,7511912.697,4692351.343,0.000,,0.000,1969-12-31,16:00:00,0.000
O-31,7511925.381,4692351.589,0.000,,0.000,1969-12-31,16:00:00,0.000
O-32,7511913.236,4692351.607,0.000,,0.000,1969-12-31,16:00:00,0.000
O-33,7511912.522,4692351.703,0.000,,0.000,1969-12-31,16:00:00,0.000
O-34,7511913.061,4692351.966,0.000,,0.000,1969-12-31,16:00:00,0.000
O-35,7511924.442,4692352.116,0.000,,0.000,1969-12-31,16:00:00,0.000
O-36,7511924.753,4692352.367,0.000,,0.000,1969-12-31,16:00:00,0.000
O-37,7511917.010,4692353.451,0.000,,0.000,1969-12-31,16:00:00,0.000
O-38,7511917.549,4692353.714,0.000,,0.000,1969-12-31,16:00:00,0.000
O-39,7511916.834,4692353.810,0.000,,0.000,1969-12-31,16:00:00,0.000
O-40,7511917.373,4692354.074,0.000,,0.000,1969-12-31,16:00:00,0.000
O-41,7511938.179,4692354.591,0.000,,0.000,1969-12-31,16:00:00,0.000
O-42,7511937.929,4692354.903,0.000,,0.000,1969-12-31,16:00:00,0.000
O-43,7511938.647,4692354.966,0.000,,0.000,1969-12-31,16:00:00,0.000
O-44,7511929.671,4692355.047,0.000,,0.000,1969-12-31,16:00:00,0.000
O-45,7511929.866,4692355.203,0.000,,0.000,1969-12-31,16:00:00,0.000
O-46,7511938.397,4692355.278,0.000,,0.000,1969-12-31,16:00:00,0.000
O-47,7511922.624,4692356.083,0.000,,0.000,1969-12-31,16:00:00,0.000
O-48,7511928.730,4692356.215,0.000,,0.000,1969-12-31,16:00:00,0.000
O-49,7511922.983,4692356.259,0.000,,0.000,1969-12-31,16:00:00,0.000
O-50,7511928.925,4692356.371,0.000,,0.000,1969-12-31,16:00:00,0.000
O-51,7511910.238,4692356.374,0.000,,0.000,1969-12-31,16:00:00,0.000
O-52,7511922.361,4692356.622,0.000,,0.000,1969-12-31,16:00:00,0.000
O-53,7511940.709,4692356.630,0.000,,0.000,1969-12-31,16:00:00,0.000
O-54,7511910.777,4692356.638,0.000,,0.000,1969-12-31,16:00:00,0.000
O-55,7511910.063,4692356.734,0.000,,0.000,1969-12-31,16:00:00,0.000
O-56,7511922.720,4692356.798,0.000,,0.000,1969-12-31,16:00:00,0.000
O-57,7511940.459,4692356.942,0.000,,0.000,1969-12-31,16:00:00,0.000
O-58,7511910.602,4692356.997,0.000,,0.000,1969-12-31,16:00:00,0.000
O-59,7511941.178,4692357.005,0.000,,0.000,1969-12-31,16:00:00,0.000
O-60,7511940.928,4692357.317,0.000,,0.000,1969-12-31,16:00:00,0.000
O-61,7511914.551,4692358.482,0.000,,0.000,1969-12-31,16:00:00,0.000
O-62,7511915.090,4692358.746,0.000,,0.000,1969-12-31,16:00:00,0.000
O-63,7511914.375,4692358.841,0.000,,0.000,1969-12-31,16:00:00,0.000
O-64,7511926.400,4692358.986,0.000,,0.000,1969-12-31,16:00:00,0.000
O-65,7511943.703,4692359.038,0.000,,0.000,1969-12-31,16:00:00,0.000
O-66,7511914.914,4692359.105,0.000,,0.000,1969-12-31,16:00:00,0.000
O-67,7511926.712,4692359.237,0.000,,0.000,1969-12-31,16:00:00,0.000
O-68,7511944.016,4692359.288,0.000,,0.000,1969-12-31,16:00:00,0.000
O-69,7511926.024,4692359.453,0.000,,0.000,1969-12-31,16:00:00,0.000
O-70,7511926.335,4692359.704,0.000,,0.000,1969-12-31,16:00:00,0.000
O-71,7511934.057,4692359.865,0.000,,0.000,1969-12-31,16:00:00,0.000
O-72,7511934.368,4692360.116,0.000,,0.000,1969-12-31,16:00:00,0.000
O-73,7511933.680,4692360.332,0.000,,0.000,1969-12-31,16:00:00,0.000
O-74,7511933.992,4692360.583,0.000,,0.000,1969-12-31,16:00:00,0.000
O-75,7511942.455,4692360.601,0.000,,0.000,1969-12-31,16:00:00,0.000
O-76,7511942.768,4692360.851,0.000,,0.000,1969-12-31,16:00:00,0.000
O-77,7511920.165,4692361.115,0.000,,0.000,1969-12-31,16:00:00,0.000
O-78,7511920.524,4692361.290,0.000,,0.000,1969-12-31,16:00:00,0.000
O-79,7511907.779,4692361.406,0.000,,0.000,1969-12-31,16:00:00,0.000
O-80,7511919.902,4692361.654,0.000,,0.000,1969-12-31,16:00:00,0.000
O-82,7511907.604,4692361.765,0.000,,0.000,1969-12-31,16:00:00,0.000
O-83,7511920.261,4692361.829,0.000,,0.000,1969-12-31,16:00:00,0.000
O-84,7511936.447,4692361.920,0.000,,0.000,1969-12-31,16:00:00,0.000
O-86,7511936.196,4692362.231,0.000,,0.000,1969-12-31,16:00:00,0.000
O-87,7511936.914,4692362.296,0.000,,0.000,1969-12-31,16:00:00,0.000
O-88,7511936.663,4692362.607,0.000,,0.000,1969-12-31,16:00:00,0.000
O-89,7511923.042,4692362.743,0.000,,0.000,1969-12-31,16:00:00,0.000
O-90,7511923.581,4692363.007,0.000,,0.000,1969-12-31,16:00:00,0.000
O-91,7511931.471,4692363.073,0.000,,0.000,1969-12-31,16:00:00,0.000
O-92,7511922.866,4692363.103,0.000,,0.000,1969-12-31,16:00:00,0.000
O-93,7511931.783,4692363.324,0.000,,0.000,1969-12-31,16:00:00,0.000
O-94,7511923.406,4692363.366,0.000,,0.000,1969-12-31,16:00:00,0.000
O-95,7511912.092,4692363.513,0.000,,0.000,1969-12-31,16:00:00,0.000
O-96,7511931.095,4692363.540,0.000,,0.000,1969-12-31,16:00:00,0.000
O-97,7511912.631,4692363.777,0.000,,0.000,1969-12-31,16:00:00,0.000
O-98,7511931.406,4692363.791,0.000,,0.000,1969-12-31,16:00:00,0.000
O-99,7511911.916,4692363.873,0.000,,0.000,1969-12-31,16:00:00,0.000
O-106,7511934.313,4692365.363,0.000,,0.000,1969-12-31,16:00:00,0.000
O-107,7511933.625,4692365.580,0.000,,0.000,1969-12-31,16:00:00,0.000
O-108,7511933.937,4692365.831,0.000,,0.000,1969-12-31,16:00:00,0.000
O-109,7511917.572,4692366.192,0.000,,0.000,1969-12-31,16:00:00,0.000
O-110,7511918.111,4692366.455,0.000,,0.000,1969-12-31,16:00:00,0.000
O-111,7511917.397,4692366.551,0.000,,0.000,1969-12-31,16:00:00,0.000
O-112,7511905.237,4692366.608,0.000,,0.000,1969-12-31,16:00:00,0.000
O-113,7511928.388,4692366.740,0.000,,0.000,1969-12-31,16:00:00,0.000
O-114,7511917.936,4692366.815,0.000,,0.000,1969-12-31,16:00:00,0.000
O-115,7511905.776,4692366.872,0.000,,0.000,1969-12-31,16:00:00,0.000
O-116,7511905.061,4692366.968,0.000,,0.000,1969-12-31,16:00:00,0.000
O-117,7511928.138,4692367.052,0.000,,0.000,1969-12-31,16:00:00,0.000
O-118,7511928.856,4692367.115,0.000,,0.000,1969-12-31,16:00:00,0.000
O-119,7511936.556,4692367.170,0.000,,0.000,1969-12-31,16:00:00,0.000
O-120,7511905.600,4692367.231,0.000,,0.000,1969-12-31,16:00:00,0.000
O-121,7511936.867,4692367.421,0.000,,0.000,1969-12-31,16:00:00,0.000
O-122,7511928.606,4692367.427,0.000,,0.000,1969-12-31,16:00:00,0.000
O-123,7511936.179,4692367.638,0.000,,0.000,1969-12-31,16:00:00,0.000
O-124,7511936.491,4692367.889,0.000,,0.000,1969-12-31,16:00:00,0.000
O-125,7511920.817,4692368.136,0.000,,0.000,1969-12-31,16:00:00,0.000
O-126,7511921.329,4692368.448,0.000,,0.000,1969-12-31,16:00:00,0.000
O-127,7511920.608,4692368.477,0.000,,0.000,1969-12-31,16:00:00,0.000
O-128,7511909.549,4692368.716,0.000,,0.000,1969-12-31,16:00:00,0.000
O-129,7511930.919,4692368.778,0.000,,0.000,1969-12-31,16:00:00,0.000
O-130,7511921.121,4692368.790,0.000,,0.000,1969-12-31,16:00:00,0.000
O-131,7511910.088,4692368.980,0.000,,0.000,1969-12-31,16:00:00,0.000
O-132,7511909.374,4692369.075,0.000,,0.000,1969-12-31,16:00:00,0.000
O-133,7511930.669,4692369.090,0.000,,0.000,1969-12-31,16:00:00,0.000
O-134,7511931.388,4692369.153,0.000,,0.000,1969-12-31,16:00:00,0.000
O-135,7511909.913,4692369.339,0.000,,0.000,1969-12-31,16:00:00,0.000
O-136,7511931.138,4692369.465,0.000,,0.000,1969-12-31,16:00:00,0.000
O-137,7511925.374,4692370.914,0.000,,0.000,1969-12-31,16:00:00,0.000
O-138,7511933.547,4692370.921,0.000,,0.000,1969-12-31,16:00:00,0.000
O-139,7511925.886,4692371.226,0.000,,0.000,1969-12-31,16:00:00,0.000
O-140,7511933.297,4692371.233,0.000,,0.000,1969-12-31,16:00:00,0.000
O-141,7511925.166,4692371.255,0.000,,0.000,1969-12-31,16:00:00,0.000
O-142,7511915.030,4692371.395,0.000,,0.000,1969-12-31,16:00:00,0.000
O-143,7511934.327,4692371.546,0.000,,0.000,1969-12-31,16:00:00,0.000
O-144,7511902.822,4692371.550,0.000,,0.000,1969-12-31,16:00:00,0.000
O-146,7511915.569,4692371.658,0.000,,0.000,1969-12-31,16:00:00,0.000
O-147,7511914.854,4692371.754,0.000,,0.000,1969-12-31,16:00:00,0.000
O-148,7511903.361,4692371.813,0.000,,0.000,1969-12-31,16:00:00,0.000
O-149,7511934.077,4692371.858,0.000,,0.000,1969-12-31,16:00:00,0.000
O-150,7511902.646,4692371.909,0.000,,0.000,1969-12-31,16:00:00,0.000
O-151,7511915.393,4692372.017,0.000,,0.000,1969-12-31,16:00:00,0.000
O-152,7511903.185,4692372.173,0.000,,0.000,1969-12-31,16:00:00,0.000
O-153,7511927.919,4692372.465,0.000,,0.000,1969-12-31,16:00:00,0.000
O-154,7511928.431,4692372.777,0.000,,0.000,1969-12-31,16:00:00,0.000
O-155,7511927.711,4692372.807,0.000,,0.000,1969-12-31,16:00:00,0.000
O-156,7511918.118,4692372.874,0.000,,0.000,1969-12-31,16:00:00,0.000
O-157,7511928.223,4692373.119,0.000,,0.000,1969-12-31,16:00:00,0.000
O-158,7511918.631,4692373.187,0.000,,0.000,1969-12-31,16:00:00,0.000
O-159,7511917.910,4692373.216,0.000,,0.000,1969-12-31,16:00:00,0.000
O-160,7511918.422,4692373.528,0.000,,0.000,1969-12-31,16:00:00,0.000
O-161,7511907.134,4692373.657,0.000,,0.000,1969-12-31,16:00:00,0.000
O-162,7511907.673,4692373.921,0.000,,0.000,1969-12-31,16:00:00,0.000
O-163,7511906.959,4692374.017,0.000,,0.000,1969-12-31,16:00:00,0.000
O-164,7511907.498,4692374.280,0.000,,0.000,1969-12-31,16:00:00,0.000
O-165,7511931.513,4692374.417,0.000,,0.000,1969-12-31,16:00:00,0.000
O-166,7511931.825,4692374.667,0.000,,0.000,1969-12-31,16:00:00,0.000
O-167,7511931.138,4692374.885,0.000,,0.000,1969-12-31,16:00:00,0.000
O-168,7511931.450,4692375.135,0.000,,0.000,1969-12-31,16:00:00,0.000
O-169,7511923.040,4692375.875,0.000,,0.000,1969-12-31,16:00:00,0.000
O-170,7511923.552,4692376.187,0.000,,0.000,1969-12-31,16:00:00,0.000
O-171,7511922.832,4692376.216,0.000,,0.000,1969-12-31,16:00:00,0.000
O-172,7511912.615,4692376.336,0.000,,0.000,1969-12-31,16:00:00,0.000
O-173,7511923.344,4692376.528,0.000,,0.000,1969-12-31,16:00:00,0.000
O-174,7511913.154,4692376.599,0.000,,0.000,1969-12-31,16:00:00,0.000
O-175,7511912.439,4692376.695,0.000,,0.000,1969-12-31,16:00:00,0.000
O-176,7511912.978,4692376.959,0.000,,0.000,1969-12-31,16:00:00,0.000
O-177,7511915.670,4692377.829,0.000,,0.000,1969-12-31,16:00:00,0.000
O-178,7511916.209,4692378.092,0.000,,0.000,1969-12-31,16:00:00,0.000
O-179,7511915.494,4692378.188,0.000,,0.000,1969-12-31,16:00:00,0.000
O-180,7511916.033,4692378.451,0.000,,0.000,1969-12-31,16:00:00,0.000
O-181,7511927.978,4692378.825,0.000,,0.000,1969-12-31,16:00:00,0.000
O-182,7511928.291,4692379.075,0.000,,0.000,1969-12-31,16:00:00,0.000
O-183,7511927.603,4692379.293,0.000,,0.000,1969-12-31,16:00:00,0.000
O-184,7511927.916,4692379.543,0.000,,0.000,1969-12-31,16:00:00,0.000
O-185,7511920.836,4692380.353,0.000,,0.000,1969-12-31,16:00:00,0.000
O-186,7511921.375,4692380.617,0.000,,0.000,1969-12-31,16:00:00,0.000
O-187,7511920.660,4692380.713,0.000,,0.000,1969-12-31,16:00:00,0.000
O-188,7511921.199,4692380.976,0.000,,0.000,1969-12-31,16:00:00,0.000
O-189,7511924.836,4692382.308,0.000,,0.000,1969-12-31,16:00:00,0.000
O-190,7511925.375,4692382.572,0.000,,0.000,1969-12-31,16:00:00,0.000
O-191,7511924.660,4692382.668,0.000,,0.000,1969-12-31,16:00:00,0.000
O-192,7511925.199,4692382.931,0.000,,0.000,1969-12-31,16:00:00,0.000
O-100,7511912.455,4692364.136,0.000,,0.000,1969-12-31,16:00:00,0.000
O-101,7511938.713,4692364.494,0.000,,0.000,1969-12-31,16:00:00,0.000
O-102,7511939.024,4692364.745,0.000,,0.000,1969-12-31,16:00:00,0.000
O-103,7511938.336,4692364.961,0.000,,0.000,1969-12-31,16:00:00,0.000
O-104,7511934.002,4692365.112,0.000,,0.000,1969-12-31,16:00:00,0.000
O-105,7511938.648,4692365.212,0.000,,0.000,1969-12-31,16:00:00,0.000
O-660,7511882.027,4692361.832,0.000,,0.000,1969-12-31,16:00:00,0.000
O-661,7511884.617,4692356.531,0.000,,0.000,1969-12-31,16:00:00,0.000
O-662,7511905.147,4692366.564,0.000,,0.000,1969-12-31,16:00:00,0.000
O-663,7511917.569,4692341.147,0.000,,0.000,1969-12-31,16:00:00,0.000
O-664,7511924.117,4692344.347,0.000,,0.000,1969-12-31,16:00:00,0.000
O-665,7511924.648,4692343.684,0.000,,0.000,1969-12-31,16:00:00,0.000
O-666,7511943.588,4692359.823,0.000,,0.000,1969-12-31,16:00:00,0.000
O-667,7511945.543,4692361.394,0.000,,0.000,1969-12-31,16:00:00,0.000
O-668,7511936.394,4692372.817,0.000,,0.000,1969-12-31,16:00:00,0.000
O-669,7511934.515,4692371.312,0.000,,0.000,1969-12-31,16:00:00,0.000
OB-FS1,7511921.850,4692351.863,617.264,,617.264,2022-06-01,11:39:56,
1002,7511881.673,4692356.507,618.169,OBJEKT,618.169,2022-06-01,11:51:05,
1003,7511903.033,4692344.432,618.234,OBJEKT,618.234,2022-06-01,11:51:18,
LLE-K7-FS1,7511887.917,4692384.900,642.481,,642.481,2022-06-28,17:52:54,
BASKIA11,7511925.629,4692322.607,618.027,,618.027,1969-12-31,16:00:00,0.000
BASKIA13,7511935.815,4692329.894,618.096,,618.096,1969-12-31,16:00:00,0.000
BASKIA14,7511947.907,4692339.963,618.066,,618.066,1969-12-31,16:00:00,0.000
OB-FS2,7511904.243,4692361.200,617.456,,617.456,2022-08-11,15:26:46,
V14,7511932.168,4692349.307,618.065,,618.065,1969-12-31,16:00:00,0.000
V15,7511911.670,4692348.861,617.330,,617.330,1969-12-31,16:00:00,0.000
V1,7511923.756,4692361.390,614.950,,614.950,2022-09-08,10:35:15,
