16 7511950.4619 4692384.1489 0.0000 "4"
17 7511934.5226 4692371.3824 0.0000 "5"
18 7511925.2200 4692382.9969 0.0000 "6"
19 7511916.8769 4692400.0681 0.0000 "7"
20 7511935.6544 4692409.2451 0.0000 "1"
21 7511942.2221 4692395.8066 0.0000 "2"
22 7511941.5536 4692395.2712 0.0000 "3"
23 7511916.7422 4692400.0022 0.0000 "8"
24 7511925.0853 4692382.9311 0.0000 "9"
25 7511903.0285 4692372.1514 0.0000 "10"
26 7511894.6854 4692389.2225 0.0000 "11"
27 7511894.5515 4692389.1571 0.0000 "12"
28 7511902.8946 4692372.0859 0.0000 "13"
29 7511876.6152 4692359.2425 0.0000 "14"
30 7511872.0267 4692368.6313 0.0000 "15"
31 7511873.6888 4692369.4435 0.0000 "16"
32 7511869.9342 4692377.1260 0.0000 "17"
