1,7512004.565,4692346.121,620.635,TROTUAR
2,7511991.154,4692375.434,622.172,BASKIA1
3,7512009.997,4692330.538,619.220,E4
4,7511925.629,4692322.607,617.027,BASKIA11
5,7512014.604,4692336.571,620.293,E4
6,7511935.815,4692329.893,618.396,BASKIA12
7,7512009.739,4692339.900,620.701,E4
8,7511935.815,4692329.894,618.096,BASKIA13
9,7512006.809,4692340.568,620.681,E4
10,7511947.907,4692339.963,618.066,BASKIA14
11,7512004.649,4692344.085,620.645,E4
12,7511992.400,4692354.113,620.492,E4
13,7512031.392,4692339.236,620.943,BASKIA2
14,7511989.434,4692356.897,620.629,E4
15,7512028.619,4692357.456,621.081,BASKIA4
16,7512014.043,4692340.260,620.723,ASFALT
17,7512031.399,4692339.394,620.841,BASKIA5
18,7511942.367,4692437.791,620.942,BRR1
19,7512014.030,4692340.262,620.781,TROTUAR
20,7511938.491,4692470.864,620.811,BRR2
21,7512011.791,4692339.621,620.805,TROTUAR
22,7512004.812,4692346.038,620.536,ASFALT
23,7512005.100,4692344.071,620.785,TROTUAR
24,7512037.911,4692521.079,624.007,BRR3
25,7511991.220,4692375.657,622.069,KOL-BAS1
26,7512005.953,4692345.094,620.734,TROTUAR
27,7511998.179,4692310.674,619.251,KOL-BAS2
28,7512005.930,4692345.101,620.645,ASFALT
29,7511983.353,4692363.544,620.629,KOLBASKIA1
30,7511990.336,4692358.304,620.577,ASFALT
31,7511948.198,4692424.872,620.842,KOLBASKIA3
32,7511990.299,4692358.253,620.633,TROTUAR
33,7511989.379,4692357.204,620.612,TROTUAR
34,7512119.778,4692389.818,622.796,KOLPS2
35,7511952.192,4692327.691,617.257,E4
36,7512087.032,4692422.069,622.830,KOLPS3
37,7511948.645,4692324.808,617.106,E4
38,7512139.974,4692370.287,622.630,KOLPS4
39,7511959.359,4692314.333,617.127,E4
40,7512153.456,4692363.494,622.452,KOLPS5
41,7511886.207,4692356.590,617.660,MEXH1
42,7511963.715,4692318.075,616.677,E4
43,7511884.807,4692357.067,617.661,MEXH2
44,7511970.643,4692311.271,616.756,E4
45,7511882.439,4692362.026,617.670,MEXH3
46,7511972.176,4692311.125,616.665,E4
47,7511876.596,4692359.261,617.833,MEXH4
48,7511973.709,4692311.391,616.802,E4
49,7511874.441,4692363.712,617.843,MEXH5
50,7511974.168,4692310.615,617.123,E4
51,7511871.884,4692378.103,618.045,MEXH6
52,7511968.258,4692305.301,616.866,E4
53,7511876.927,4692380.558,617.849,MEXH7
54,7511994.538,4692313.290,612.028,NIVEL-KO1
55,7511992.877,4692311.810,619.097,NIVEL-KO2
56,7512000.289,4692317.440,616.221,NIVEL-KO3
57,7512008.491,4692330.339,616.935,NIVEL-KO4
58,7511999.136,4692349.437,620.735,OBO-FS1
59,7511948.206,4692424.877,620.925,PS1
60,7512119.778,4692389.818,622.796,PS2
61,7512087.032,4692422.069,622.830,PS3
62,7512139.974,4692370.287,622.630,PS4
63,7512153.456,4692363.494,622.452,PS5
64,7511931.491,4692348.840,617.951,PX1
65,7511919.600,4692344.033,617.782,PX2
66,7511920.521,4692375.035,617.811,PX3
67,7511971.089,4692359.961,651.330,RR-FS1
68,7512003.446,4692345.767,620.763,TH-FS1
69,7511978.204,4692348.153,618.768,TH-FS100
70,7511977.977,4692348.056,618.748,TH-FS101
71,7511988.120,4692351.181,619.453,TH-FS102
72,7511883.345,4692361.436,617.815,TH-FS103
73,7511998.968,4692349.402,620.642,TH-FS2
74,7512005.402,4692344.581,620.769,TH-FS3
75,7511970.561,4692336.767,609.852,E0
76,7511985.889,4692348.979,609.870,E0
77,7511990.108,4692345.718,609.956,E0
78,7511996.919,4692341.999,610.017,E0
79,7512000.244,4692339.460,610.039,E0
80,7512009.681,4692333.572,610.386,E0
81,7511999.649,4692317.729,610.097,E0
82,7511986.950,4692324.418,610.082,E0
83,7511995.630,4692312.376,611.110,E1
84,7511999.477,4692317.611,611.065,E1
85,7511986.591,4692324.265,611.156,E1
86,7511985.136,4692320.843,611.385,E1
87,7511990.212,4692315.898,611.247,E1
88,7511983.234,4692325.844,609.900,E0
89,7511983.210,4692325.673,610.945,E1
90,7511987.916,4692318.284,611.143,E1
91,7511985.413,4692319.920,611.097,E1
92,7511982.714,4692320.098,611.042,E1
93,7511980.168,4692319.085,611.116,E1
94,7511976.434,4692316.140,611.291,E1
95,7511974.201,4692318.371,611.262,E1
96,7511973.892,4692318.708,610.159,E0
97,7511969.891,4692322.577,609.961,E0
98,7511963.499,4692331.704,610.011,E0
99,7511962.987,4692333.173,610.029,E0
100,7511963.567,4692334.532,610.238,E0
101,7511974.871,4692343.519,610.106,E0
102,7511981.143,4692348.960,609.888,E0
103,7511992.919,4692313.141,617.105,E4
104,7511988.848,4692317.286,617.154,E4
105,7511986.595,4692319.310,617.136,E4
106,7511985.142,4692319.354,617.124,E4
107,7511984.532,4692319.659,617.397,E4
108,7511981.876,4692318.136,617.237,E4
109,7511981.267,4692317.383,617.248,E4
110,7511980.523,4692316.584,617.059,E4
111,7511979.412,4692315.677,617.239,E4
112,7511977.839,4692314.736,616.985,E4
113,7511974.824,4692312.406,616.871,E4
114,7511973.327,4692311.699,616.822,E4
115,7511971.055,4692311.509,616.616,E4
116,7511976.034,4692315.292,613.355,E2
117,7511973.407,4692312.807,614.175,E2
118,7511971.674,4692312.806,614.487,E2
119,7511969.856,4692313.679,614.100,E2
120,7511965.000,4692319.094,614.360,E2
121,7511969.561,4692322.029,613.997,E2
122,7511963.368,4692329.119,615.735,E2
123,7511959.097,4692323.448,615.979,E2
124,7511962.213,4692332.175,616.313,E4
125,7511962.469,4692334.342,617.404,E4
126,7511959.685,4692336.574,617.578,E4
127,7511972.849,4692343.774,618.285,E4
128,7511973.702,4692343.821,618.238,E4
129,7511979.794,4692349.390,619.180,E4
130,7511979.813,4692355.145,619.718,E4
131,7511983.029,4692352.493,619.770,E4
132,7511985.465,4692356.412,620.130,E4
133,7511985.077,4692352.216,619.726,E4
134,7511988.649,4692349.450,619.144,E4
135,7511997.147,4692344.168,618.752,E4
136,7511999.424,4692346.141,619.116,E4
137,7511992.507,4692351.430,619.171,E4
138,7512006.286,4692339.943,618.776,E4
139,7512005.565,4692338.523,618.335,E4
140,7512012.032,4692334.332,618.387,E4
141,7512012.964,4692336.495,618.664,E4
142,7512009.973,4692334.989,617.048,E3
143,7512009.473,4692334.589,616.984,E3
144,7512010.335,4692333.332,616.991,E3
145,7512010.937,4692333.772,617.006,E3
146,7512010.939,4692332.513,617.006,E3
147,7512005.632,4692324.410,616.749,E3
148,7512004.911,4692324.834,616.697,E3
149,7512001.307,4692319.227,616.278,E3
150,7512002.274,4692318.590,616.273,E3
151,7511996.498,4692311.632,615.886,E3
152,7511996.029,4692311.905,615.874,E3
153,7511995.663,4692310.738,617.385,E4
154,7511997.223,4692309.646,617.360,E4
155,7512001.945,4692316.000,617.473,E4
156,7512001.173,4692316.843,617.406,E4
157,7512005.204,4692322.547,618.345,E4
158,7512006.399,4692321.759,618.485,E4
159,7512011.847,4692328.753,619.211,E4
